projekt-domowy/output/nmt.asc
ncols         410
nrows         464
xllcenter     502045.00
yllcenter     688680.00
cellsize     5.00
nodata_value -9999
[rows 228 to 265 of 464, columns 252 to 335 of 410]
6.00 6.05 6.08 6.12 6.11 6.14 6.18 6.17 6.23 6.23 6.29 6.24 6.25 6.21 6.18 6.19 6.19 6.18 6.16 6.21 6.14 6.20 6.09 6.13 6.09 6.11 6.09 6.03 6.04 6.05 6.11 6.03 6.08 6.04 6.05 5.96 5.95 5.91 5.85 5.80 5.82 5.78 5.74 5.68 5.65 5.68 5.57 5.55 5.48 5.51 5.42 5.44 5.43 5.47 5.38 5.46 5.33 5.41 5.32 5.36 5.47 5.56 5.70 5.77 5.70 5.14 5.25 5.46 5.54 5.38 5.39 5.29 5.26 5.24 5.28 5.24 5.30 5.33 5.32 5.35 5.35 5.25 5.22 5.18
6.15 6.17 6.21 6.26 6.28 6.33 6.24 6.26 6.24 6.27 6.26 6.30 6.26 6.26 6.12 6.22 6.13 6.18 6.16 6.17 6.21 6.14 6.20 6.11 6.09 6.10 6.06 6.09 6.03 6.04 6.03 6.08 6.07 6.04 6.01 5.96 5.92 5.92 5.85 5.82 5.80 5.74 5.69 5.68 5.62 5.59 5.59 5.53 5.52 5.49 5.45 5.40 5.45 5.45 5.47 5.36 5.43 5.38 5.33 5.37 5.44 5.59 5.65 5.75 5.62 5.56 4.10 5.49 5.49 5.48 5.42 5.32 5.26 5.23 5.26 5.30 5.25 5.36 5.32 5.34 5.38 5.29 5.16 5.21
6.19 6.31 6.29 6.38 6.36 6.33 6.32 6.29 6.29 6.30 6.25 6.21 6.23 6.16 6.17 6.13 6.22 6.18 6.19 6.18 6.13 6.18 6.07 6.11 6.08 6.05 6.07 6.04 6.09 6.06 6.07 6.03 6.11 6.05 6.05 5.95 5.91 5.85 5.86 5.76 5.71 5.70 5.66 5.65 5.63 5.62 5.56 5.56 5.53 5.53 5.50 5.50 5.39 5.48 5.45 5.48 5.38 5.43 5.44 5.46 5.50 5.50 5.62 5.66 5.67 5.61 5.22 5.22 5.37 5.52 5.38 5.29 5.25 5.20 5.19 5.29 5.23 5.31 5.31 5.34 5.37 5.33 5.27 5.27
6.33 6.30 6.38 6.39 6.45 6.42 6.41 6.35 6.35 6.34 6.26 6.27 6.22 6.19 6.13 6.17 6.18 6.20 6.14 6.14 6.08 6.13 6.14 6.05 6.11 5.98 6.05 6.05 6.01 6.04 5.98 6.08 6.06 6.09 6.02 6.04 5.89 5.85 5.80 5.79 5.74 5.69 5.64 5.62 5.64 5.58 5.61 5.63 5.61 5.54 5.51 5.47 5.46 5.46 5.43 5.49 5.49 5.48 5.48 5.44 5.50 5.52 5.54 5.58 5.59 5.53 5.57 4.08 5.41 5.42 5.45 5.30 5.20 5.23 5.20 5.20 5.25 5.22 5.32 5.27 5.35 5.36 5.31 5.15
6.34 6.44 6.40 6.49 6.46 6.51 6.45 6.45 6.35 6.35 6.32 6.27 6.22 6.19 6.19 6.12 6.13 6.08 6.16 6.10 6.06 6.09 6.01 6.04 5.95 5.96 5.97 6.01 5.98 5.98 5.99 6.05 6.10 6.05 6.06 5.99 5.94 5.87 5.84 5.74 5.75 5.66 5.68 5.65 5.65 5.63 5.65 5.67 5.63 5.58 5.53 5.52 5.47 5.50 5.45 5.53 5.50 5.50 5.43 5.44 5.42 5.47 5.44 5.48 5.52 5.54 5.52 5.25 5.07 5.36 5.45 5.30 5.26 5.15 5.15 5.20 5.23 5.17 5.27 5.25 5.31 5.33 5.29 5.28
6.42 6.46 6.57 6.49 6.57 6.47 6.49 6.44 6.39 6.29 6.27 6.27 6.19 6.13 6.10 6.15 6.05 6.03 5.94 6.02 5.96 5.99 5.99 5.92 5.89 5.86 5.91 5.89 5.94 5.95 6.01 6.03 6.04 6.10 6.05 6.03 5.94 5.91 5.76 5.78 5.71 5.73 5.69 5.70 5.70 5.72 5.68 5.68 5.63 5.64 5.56 5.54 5.48 5.45 5.45 5.44 5.52 5.42 5.45 5.36 5.40 5.37 5.42 5.43 5.50 5.46 5.54 5.57 4.11 5.31 5.39 5.37 5.24 5.17 5.19 5.15 5.20 5.24 5.17 5.25 5.24 5.25 5.34 5.29
6.42 6.52 6.53 6.61 6.51 6.54 6.43 6.43 6.35 6.28 6.24 6.23 6.17 6.11 6.03 5.96 5.97 5.89 5.95 5.92 5.89 5.87 5.92 5.86 5.83 5.87 5.83 5.90 5.92 5.97 5.97 6.01 6.05 6.06 6.12 6.03 6.01 5.85 5.84 5.74 5.79 5.70 5.72 5.69 5.71 5.69 5.70 5.67 5.61 5.62 5.56 5.53 5.45 5.46 5.45 5.46 5.41 5.46 5.43 5.43 5.37 5.41 5.34 5.41 5.43 5.49 5.55 5.46 5.26 5.08 5.33 5.36 5.26 5.19 5.17 5.17 5.14 5.22 5.17 5.26 5.23 5.29 5.28 5.32
6.44 6.41 6.49 6.46 6.54 6.42 6.42 6.35 6.30 6.24 6.19 6.12 6.09 6.01 5.96 5.91 5.86 5.88 5.78 5.82 5.82 5.84 5.84 5.81 5.80 5.87 5.85 5.86 5.95 5.94 6.04 6.03 6.06 6.07 6.08 6.06 5.96 5.93 5.78 5.79 5.68 5.75 5.68 5.77 5.71 5.69 5.67 5.69 5.66 5.63 5.56 5.56 5.48 5.41 5.42 5.43 5.50 5.41 5.49 5.37 5.34 5.26 5.33 5.33 5.34 5.41 5.51 5.60 5.55 4.13 5.35 5.30 5.32 5.22 5.16 5.15 5.12 5.19 5.20 5.16 5.25 5.26 5.29 5.32
6.43 6.46 6.45 6.47 6.44 6.44 6.33 6.32 6.20 6.21 6.10 6.11 6.02 5.99 5.94 5.84 5.80 5.77 5.70 5.71 5.79 5.79 5.87 5.82 5.82 5.81 5.83 5.88 5.88 5.95 5.95 6.08 6.03 6.04 6.03 6.05 5.99 5.91 5.88 5.81 5.79 5.73 5.75 5.78 5.67 5.69 5.72 5.67 5.66 5.60 5.56 5.47 5.43 5.39 5.40 5.41 5.41 5.40 5.39 5.35 5.31 5.31 5.25 5.31 5.31 5.43 5.50 5.55 5.54 5.39 5.02 5.28 5.28 5.11 5.16 5.12 5.08 5.15 5.16 5.18 5.28 5.25 5.32 5.31
6.34 6.38 6.42 6.39 6.38 6.27 6.26 6.18 6.22 6.10 6.16 6.08 6.02 5.93 5.86 5.77 5.78 5.74 5.68 5.74 5.74 5.79 5.78 5.79 5.77 5.82 5.71 5.84 5.88 5.89 6.01 6.04 6.10 6.06 6.06 6.04 5.99 5.95 5.87 5.83 5.75 5.80 5.78 5.72 5.69 5.72 5.71 5.68 5.63 5.63 5.55 5.48 5.40 5.37 5.31 5.34 5.39 5.39 5.39 5.34 5.29 5.28 5.32 5.33 5.37 5.37 5.49 5.49 5.57 5.41 4.12 5.28 5.26 5.26 5.12 5.09 5.11 5.10 5.18 5.20 5.17 5.27 5.26 5.33
6.34 6.34 6.36 6.34 6.26 6.25 6.18 6.14 6.12 6.11 6.04 6.07 5.93 5.93 5.83 5.80 5.73 5.75 5.69 5.68 5.67 5.66 5.75 5.75 5.76 5.73 5.81 5.85 5.92 6.00 6.00 6.10 6.08 6.14 6.06 6.08 6.00 5.97 5.94 5.82 5.80 5.72 5.74 5.67 5.69 5.65 5.63 5.58 5.58 5.52 5.48 5.41 5.41 5.32 5.35 5.31 5.35 5.32 5.32 5.35 5.39 5.36 5.36 5.33 5.30 5.27 5.34 5.45 5.44 5.48 5.42 4.93 5.15 5.23 5.09 5.10 5.14 5.09 5.09 5.21 5.22 5.26 5.24 5.29
6.28 6.33 6.27 6.31 6.19 6.15 6.04 6.06 6.02 6.01 5.98 5.95 5.97 5.85 5.84 5.72 5.70 5.65 5.68 5.62 5.64 5.70 5.70 5.77 5.78 5.85 5.86 5.90 5.92 6.00 6.10 6.04 6.10 6.07 6.10 6.01 6.00 5.94 5.87 5.81 5.77 5.69 5.66 5.63 5.56 5.64 5.49 5.54 5.54 5.55 5.43 5.41 5.33 5.34 5.32 5.37 5.36 5.41 5.37 5.44 5.37 5.34 5.32 5.28 5.28 5.29 5.34 5.38 5.35 5.53 5.46 4.30 5.18 5.17 5.22 5.10 5.09 5.11 5.12 5.13 5.22 5.12 5.25 5.26
6.32 6.24 6.23 6.15 6.13 6.01 6.02 5.88 5.97 5.89 5.89 5.91 5.88 5.86 5.75 5.74 5.69 5.68 5.63 5.68 5.68 5.75 5.78 5.82 5.90 5.85 5.99 5.94 5.99 6.01 6.10 6.09 6.08 6.09 6.02 5.98 5.90 5.87 5.80 5.82 5.73 5.68 5.64 5.56 5.65 5.57 5.60 5.54 5.55 5.48 5.48 5.37 5.42 5.37 5.46 5.40 5.46 5.38 5.40 5.27 5.35 5.27 5.34 5.27 5.28 5.23 5.32 5.34 5.41 5.49 5.33 5.35 4.86 5.10 5.16 5.16 5.10 5.10 5.08 5.14 5.20 5.18 5.22 5.26
6.18 6.17 6.06 6.02 5.94 5.94 5.86 5.87 5.83 5.85 5.87 5.81 5.83 5.78 5.76 5.70 5.74 5.71 5.72 5.74 5.81 5.85 5.83 5.95 5.87 5.96 5.91 5.98 5.98 5.97 6.04 6.03 6.05 5.97 5.95 5.86 5.88 5.76 5.76 5.72 5.69 5.69 5.59 5.67 5.58 5.60 5.55 5.59 5.51 5.52 5.49 5.45 5.41 5.46 5.44 5.47 5.34 5.40 5.33 5.39 5.30 5.38 5.27 5.32 5.26 5.26 5.30 5.31 5.36 5.41 5.49 5.34 4.38 5.08 5.12 5.17 5.08 5.11 5.09 5.07 5.15 5.19 5.14 5.24
6.14 6.04 6.03 5.92 5.92 5.85 5.90 5.78 5.81 5.73 5.78 5.79 5.77 5.77 5.78 5.79 5.77 5.83 5.77 5.81 5.81 5.87 5.87 5.90 5.96 5.90 5.95 5.91 5.98 5.93 5.98 5.95 6.00 5.99 5.87 5.82 5.73 5.73 5.75 5.71 5.69 5.64 5.66 5.59 5.61 5.56 5.59 5.55 5.57 5.55 5.53 5.52 5.49 5.48 5.51 5.44 5.49 5.41 5.42 5.34 5.34 5.28 5.27 5.25 5.23 5.17 5.24 5.29 5.39 5.43 5.45 5.35 5.47 4.81 5.09 5.17 5.10 5.10 5.07 5.07 5.11 5.18 5.16 5.18
6.10 6.04 5.97 5.92 5.86 5.82 5.77 5.72 5.66 5.70 5.71 5.79 5.81 5.85 5.88 5.74 5.82 5.79 5.81 5.84 5.84 5.84 5.89 5.90 5.97 5.98 5.88 5.96 5.87 5.93 5.94 5.96 5.88 5.89 5.84 5.78 5.70 5.69 5.66 5.70 5.65 5.67 5.57 5.64 5.58 5.61 5.58 5.61 5.61 5.58 5.55 5.51 5.52 5.57 5.54 5.56 5.53 5.46 5.34 5.34 5.25 5.26 5.15 5.24 5.20 5.26 5.22 5.33 5.33 5.42 5.47 5.52 5.50 4.51 5.08 5.08 5.16 5.12 5.07 5.09 5.09 5.12 5.11 5.08
6.08 5.97 5.88 5.80 5.77 5.67 5.68 5.62 5.71 5.73 5.79 5.80 5.88 5.87 5.87 5.87 5.83 5.84 5.80 5.84 5.82 5.90 5.89 5.95 5.95 5.93 5.94 5.92 5.88 5.84 5.86 5.83 5.81 5.78 5.75 5.68 5.65 5.62 5.64 5.62 5.61 5.60 5.63 5.56 5.63 5.58 5.61 5.62 5.62 5.61 5.62 5.58 5.62 5.54 5.58 5.48 5.48 5.40 5.32 5.22 5.27 5.27 5.32 5.25 5.28 5.22 5.28 5.23 5.34 5.35 5.43 5.48 5.40 5.47 4.90 5.09 5.11 5.05 5.08 5.04 5.08 5.09 5.15 5.14
6.04 5.89 5.78 5.71 5.69 5.64 5.66 5.70 5.68 5.75 5.74 5.84 5.85 5.89 5.90 5.89 5.85 5.84 5.85 5.79 5.84 5.85 5.91 5.91 5.93 5.96 5.94 5.89 5.84 5.79 5.78 5.77 5.68 5.68 5.65 5.66 5.58 5.58 5.58 5.55 5.53 5.56 5.59 5.58 5.61 5.66 5.67 5.67 5.65 5.64 5.64 5.65 5.60 5.56 5.49 5.45 5.39 5.40 5.38 5.40 5.35 5.34 5.29 5.28 5.24 5.27 5.23 5.33 5.26 5.35 5.35 5.43 5.41 5.43 4.46 5.08 5.12 5.17 5.09 5.07 5.11 5.11 5.14 5.14
5.92 5.87 5.76 5.69 5.66 5.64 5.65 5.65 5.74 5.76 5.85 5.81 5.90 5.87 5.94 5.87 5.81 5.84 5.79 5.83 5.85 5.90 5.87 5.90 5.90 5.89 5.89 5.84 5.74 5.79 5.72 5.74 5.65 5.61 5.55 5.56 5.53 5.50 5.53 5.51 5.52 5.55 5.60 5.63 5.69 5.68 5.70 5.70 5.66 5.64 5.64 5.63 5.55 5.50 5.48 5.52 5.50 5.46 5.46 5.42 5.38 5.33 5.32 5.29 5.35 5.22 5.25 5.24 5.31 5.34 5.34 5.37 5.42 5.35 5.45 4.91 5.10 5.11 5.07 5.08 5.12 5.11 5.16 5.12
6.00 5.84 5.81 5.73 5.69 5.66 5.66 5.72 5.71 5.79 5.77 5.85 5.82 5.88 5.77 5.81 5.79 5.82 5.79 5.76 5.86 5.79 5.88 5.82 5.85 5.76 5.77 5.70 5.72 5.65 5.64 5.57 5.57 5.51 5.48 5.43 5.46 5.39 5.43 5.43 5.50 5.56 5.61 5.66 5.72 5.76 5.75 5.69 5.69 5.67 5.59 5.66 5.65 5.66 5.55 5.59 5.52 5.51 5.43 5.43 5.39 5.31 5.28 5.32 5.30 5.28 5.21 5.28 5.25 5.31 5.23 5.35 5.32 5.38 5.40 4.32 5.10 5.12 5.19 5.20 5.11 5.10 5.14 5.15
6.04 5.95 5.80 5.76 5.70 5.67 5.63 5.69 5.68 5.69 5.74 5.69 5.78 5.72 5.77 5.73 5.77 5.79 5.74 5.77 5.76 5.81 5.76 5.79 5.67 5.69 5.57 5.56 5.47 5.49 5.38 5.44 5.35 5.38 5.37 5.36 5.34 5.42 5.41 5.49 5.50 5.64 5.66 5.75 5.76 5.79 5.74 5.76 5.79 5.81 5.81 5.71 5.71 5.65 5.62 5.53 5.48 5.44 5.44 5.36 5.38 5.32 5.34 5.25 5.23 5.21 5.24 5.17 5.25 5.25 5.29 5.32 5.39 5.26 5.37 5.46 4.87 5.09 5.16 5.10 5.13 5.15 5.12 5.16
6.08 5.89 5.86 5.70 5.72 5.66 5.63 5.55 5.61 5.65 5.63 5.65 5.68 5.70 5.65 5.68 5.63 5.72 5.72 5.69 5.70 5.69 5.69 5.57 5.54 5.45 5.40 5.31 5.30 5.26 5.26 5.27 5.31 5.27 5.34 5.31 5.41 5.41 5.47 5.50 5.59 5.61 5.68 5.71 5.80 5.84 5.93 5.93 5.87 5.84 5.79 5.73 5.68 5.62 5.55 5.54 5.47 5.43 5.40 5.35 5.30 5.30 5.27 5.23 5.19 5.19 5.18 5.19 5.24 5.26 5.32 5.34 5.33 5.38 5.41 5.43 4.41 5.15 5.13 5.19 5.21 5.15 5.14 5.13
6.00 5.99 5.77 5.74 5.64 5.62 5.58 5.56 5.52 5.60 5.58 5.63 5.63 5.62 5.63 5.59 5.66 5.59 5.63 5.61 5.59 5.56 5.53 5.48 5.37 5.32 5.25 5.23 5.17 5.18 5.25 5.28 5.29 5.33 5.33 5.41 5.39 5.43 5.45 5.54 5.59 5.74 5.79 5.88 5.89 5.93 5.91 5.91 5.84 5.81 5.73 5.68 5.62 5.56 5.48 5.43 5.38 5.40 5.37 5.37 5.29 5.25 5.24 5.28 5.22 5.16 5.20 5.27 5.25 5.24 5.27 5.30 5.34 5.37 5.39 5.37 5.46 4.84 5.17 5.19 5.15 5.16 5.18 5.12
5.98 5.82 5.77 5.65 5.64 5.56 5.57 5.50 5.52 5.49 5.61 5.56 5.57 5.58 5.56 5.61 5.61 5.60 5.57 5.60 5.52 5.50 5.45 5.40 5.31 5.25 5.20 5.12 5.15 5.16 5.24 5.27 5.34 5.32 5.31 5.36 5.43 5.45 5.61 5.69 5.77 5.77 5.89 5.84 5.91 5.81 5.82 5.79 5.81 5.74 5.67 5.61 5.57 5.48 5.47 5.40 5.40 5.37 5.33 5.30 5.31 5.27 5.26 5.22 5.26 5.25 5.21 5.27 5.27 5.26 5.27 5.29 5.33 5.37 5.50 5.39 5.25 4.25 5.15 5.15 5.19 5.13 5.12 5.15
5.86 5.81 5.66 5.63 5.57 5.55 5.48 5.58 5.50 5.55 5.43 5.54 5.57 5.60 5.56 5.63 5.61 5.61 5.60 5.54 5.55 5.46 5.44 5.38 5.36 5.27 5.17 5.18 5.17 5.24 5.29 5.31 5.33 5.39 5.40 5.47 5.55 5.62 5.65 5.71 5.74 5.79 5.76 5.81 5.75 5.78 5.77 5.75 5.70 5.70 5.63 5.64 5.50 5.51 5.41 5.39 5.31 5.36 5.29 5.32 5.31 5.30 5.24 5.29 5.27 5.30 5.21 5.26 5.21 5.26 5.26 5.28 5.32 5.29 5.40 5.35 5.23 5.40 4.70 5.16 5.23 5.07 5.16 5.13
5.80 5.71 5.67 5.61 5.61 5.52 5.52 5.49 5.57 5.51 5.54 5.54 5.58 5.55 5.61 5.58 5.65 5.59 5.61 5.60 5.55 5.58 5.47 5.42 5.29 5.30 5.24 5.27 5.27 5.32 5.31 5.42 5.47 5.52 5.54 5.53 5.57 5.58 5.62 5.61 5.70 5.69 5.76 5.73 5.75 5.71 5.76 5.71 5.72 5.64 5.66 5.54 5.52 5.42 5.45 5.34 5.37 5.33 5.40 5.30 5.31 5.28 5.35 5.24 5.26 5.21 5.27 5.24 5.20 5.18 5.18 5.24 5.23 5.21 5.26 5.40 5.38 5.23 4.28 5.17 5.21 5.23 5.10 5.13
5.77 5.67 5.66 5.65 5.61 5.59 5.57 5.55 5.56 5.56 5.53 5.57 5.50 5.53 5.55 5.62 5.65 5.69 5.71 5.63 5.61 5.58 5.55 5.46 5.43 5.33 5.33 5.35 5.39 5.45 5.53 5.53 5.53 5.52 5.51 5.50 5.53 5.57 5.62 5.63 5.64 5.71 5.67 5.71 5.68 5.71 5.66 5.71 5.62 5.63 5.61 5.58 5.50 5.52 5.42 5.43 5.33 5.37 5.32 5.36 5.28 5.32 5.26 5.34 5.24 5.22 5.18 5.20 5.10 5.11 5.09 5.12 5.14 5.09 5.16 5.30 5.33 5.26 5.48 4.69 5.17 5.24 5.14 5.18
5.80 5.73 5.68 5.63 5.59 5.63 5.58 5.55 5.56 5.51 5.49 5.49 5.56 5.54 5.61 5.58 5.65 5.64 5.68 5.66 5.62 5.63 5.58 5.55 5.49 5.52 5.53 5.60 5.60 5.59 5.55 5.54 5.47 5.44 5.43 5.49 5.48 5.55 5.58 5.68 5.71 5.70 5.70 5.70 5.68 5.64 5.67 5.65 5.68 5.65 5.68 5.60 5.57 5.47 5.51 5.40 5.39 5.30 5.37 5.29 5.32 5.27 5.27 5.19 5.21 5.09 5.16 5.05 5.08 5.00 5.06 5.02 5.08 5.11 5.12 5.18 5.32 5.36 5.32 4.29 5.18 5.16 5.23 5.12
5.79 5.72 5.74 5.66 5.62 5.57 5.62 5.60 5.55 5.56 5.44 5.64 5.53 5.54 5.52 5.57 5.57 5.61 5.62 5.65 5.66 5.68 5.72 5.71 5.75 5.68 5.71 5.69 5.70 5.62 5.61 5.49 5.47 5.38 5.44 5.40 5.48 5.51 5.56 5.60 5.66 5.71 5.72 5.69 5.66 5.68 5.69 5.67 5.64 5.67 5.59 5.62 5.51 5.48 5.40 5.37 5.33 5.34 5.28 5.30 5.25 5.27 5.14 5.19 5.08 5.09 5.05 5.05 4.99 4.97 4.92 5.01 5.03 5.11 5.13 5.23 5.28 5.26 5.33 5.39 4.73 5.18 5.21 5.15
5.83 5.77 5.71 5.70 5.64 5.63 5.59 5.63 5.54 5.50 5.60 5.54 5.57 5.44 5.53 5.49 5.60 5.62 5.69 5.79 5.81 5.88 5.84 5.86 5.76 5.81 5.71 5.78 5.71 5.63 5.52 5.50 5.36 5.37 5.35 5.36 5.37 5.51 5.55 5.63 5.64 5.77 5.75 5.72 5.70 5.68 5.69 5.64 5.66 5.59 5.59 5.53 5.49 5.46 5.45 5.41 5.38 5.32 5.26 5.17 5.21 5.12 5.11 5.05 5.07 5.01 5.02 4.93 5.01 4.96 5.08 5.05 5.15 5.18 5.19 5.04 5.19 5.20 5.27 5.28 4.26 5.18 5.19 5.27
5.82 5.72 5.72 5.67 5.70 5.61 5.55 5.52 5.56 5.60 5.58 5.61 5.54 5.57 5.58 5.64 5.63 5.81 5.82 5.87 5.90 5.90 5.93 5.84 5.85 5.79 5.79 5.70 5.68 5.58 5.53 5.38 5.38 5.32 5.40 5.36 5.46 5.48 5.60 5.62 5.68 5.70 5.78 5.69 5.68 5.64 5.62 5.59 5.58 5.56 5.52 5.52 5.50 5.43 5.41 5.37 5.27 5.23 5.17 5.14 5.11 5.10 5.06 5.07 5.04 5.04 5.02 5.04 5.04 5.14 5.07 5.05 4.95 5.01 5.04 5.07 5.10 5.10 5.15 5.29 5.27 4.60 5.14 5.16
5.76 5.76 5.71 5.68 5.60 5.62 5.56 5.54 5.53 5.53 5.60 5.55 5.63 5.63 5.72 5.69 5.75 5.76 5.87 5.86 5.90 5.90 5.87 5.90 5.82 5.83 5.78 5.76 5.60 5.58 5.46 5.42 5.32 5.38 5.36 5.40 5.46 5.57 5.57 5.68 5.71 5.74 5.70 5.70 5.64 5.57 5.57 5.59 5.55 5.51 5.47 5.44 5.42 5.35 5.33 5.29 5.23 5.19 5.14 5.11 5.12 5.06 5.09 5.10 5.09 5.04 5.18 5.16 5.09 5.02 5.01 4.95 5.02 5.00 4.95 5.01 5.02 5.08 5.15 5.17 5.13 4.23 5.14 5.11
5.77 5.68 5.76 5.64 5.71 5.60 5.62 5.57 5.55 5.59 5.63 5.69 5.64 5.70 5.69 5.73 5.77 5.82 5.79 5.82 5.85 5.86 5.85 5.82 5.82 5.74 5.75 5.71 5.66 5.53 5.52 5.41 5.46 5.36 5.47 5.47 5.55 5.56 5.65 5.63 5.71 5.63 5.64 5.60 5.64 5.53 5.56 5.49 5.48 5.44 5.40 5.39 5.35 5.31 5.29 5.27 5.25 5.21 5.20 5.14 5.16 5.17 5.14 5.19 5.17 5.15 5.09 5.12 5.02 5.02 4.99 4.95 4.95 4.90 4.86 4.86 4.94 4.97 5.07 5.14 5.21 5.20 4.59 5.12
5.74 5.78 5.74 5.75 5.66 5.66 5.62 5.68 5.64 5.67 5.66 5.66 5.70 5.63 5.74 5.68 5.77 5.75 5.81 5.76 5.82 5.79 5.81 5.78 5.76 5.79 5.70 5.70 5.66 5.58 5.57 5.50 5.49 5.56 5.46 5.53 5.54 5.61 5.57 5.59 5.61 5.63 5.63 5.57 5.53 5.54 5.44 5.47 5.37 5.42 5.31 5.34 5.29 5.33 5.26 5.28 5.18 5.28 5.23 5.22 5.23 5.17 5.10 5.11 5.08 5.08 5.08 5.03 5.02 5.05 4.98 4.88 4.88 4.87 4.88 4.89 4.88 4.95 5.05 5.08 5.17 5.18 4.28 5.12
5.83 5.73 5.73 5.73 5.78 5.67 5.70 5.65 5.66 5.69 5.65 5.64 5.62 5.68 5.62 5.67 5.66 5.70 5.68 5.73 5.74 5.78 5.79 5.75 5.75 5.77 5.75 5.74 5.72 5.69 5.68 5.60 5.60 5.60 5.62 5.53 5.52 5.55 5.59 5.60 5.59 5.61 5.58 5.55 5.51 5.46 5.42 5.36 5.42 5.31 5.34 5.29 5.31 5.25 5.28 5.28 5.30 5.26 5.21 5.09 5.11 5.09 5.07 5.09 5.05 5.10 5.05 5.04 4.99 5.00 4.95 4.90 4.90 4.83 4.80 4.82 4.82 4.87 4.98 5.11 5.16 5.20 5.10 4.56
5.80 5.89 5.80 5.82 5.74 5.77 5.69 5.65 5.61 5.62 5.60 5.53 5.58 5.52 5.62 5.60 5.63 5.64 5.72 5.72 5.81 5.74 5.80 5.81 5.77 5.77 5.83 5.79 5.77 5.75 5.75 5.67 5.65 5.56 5.58 5.58 5.62 5.56 5.63 5.57 5.57 5.53 5.50 5.53 5.44 5.42 5.37 5.40 5.31 5.33 5.28 5.27 5.23 5.31 5.32 5.27 5.11 5.17 5.13 5.17 5.17 5.14 5.14 5.13 5.12 5.13 5.03 5.02 4.99 4.95 4.85 4.88 4.85 4.79 4.80 4.81 4.82 4.90 4.95 5.01 5.07 5.12 5.10 4.29
5.90 5.83 5.83 5.77 5.80 5.67 5.66 5.60 5.56 5.58 5.54 5.55 5.51 5.55 5.60 5.70 5.68 5.74 5.71 5.79 5.76 5.82 5.78 5.82 5.79 5.81 5.75 5.79 5.77 5.79 5.75 5.73 5.66 5.64 5.61 5.63 5.58 5.60 5.52 5.54 5.49 5.49 5.45 5.52 5.47 5.39 5.38 5.34 5.31 5.29 5.37 5.36 5.27 5.26 5.25 5.18 5.23 5.20 5.19 5.22 5.12 5.14 5.15 5.09 5.04 5.06 5.03 4.94 4.90 4.88 4.85 4.85 4.80 4.81 4.81 4.85 4.87 4.89 4.92 4.94 5.01 5.11 5.14 5.11
5.81 5.82 5.74 5.73 5.66 5.62 5.58 5.61 5.56 5.56 5.57 5.55 5.60 5.60 5.69 5.65 5.78 5.76 5.81 5.81 5.88 5.81 5.84 5.77 5.78 5.73 5.75 5.70 5.73 5.76 5.78 5.78 5.81 5.64 5.66 5.53 5.55 5.52 5.54 5.45 5.49 5.45 5.42 5.43 5.44 5.40 5.36 5.43 5.35 5.22 5.25 5.29 5.18 5.28 5.27 5.26 5.22 5.17 5.19 5.18 5.14 5.12 5.10 5.04 5.00 5.01 4.89 4.97 4.88 4.89 4.88 4.93 4.90 4.89 4.91 4.92 4.83 4.88 4.84 4.86 4.93 5.03 5.09 5.06
