projekt-domowy/output/nmt.asc
ncols         410
nrows         464
xllcenter     502045.00
yllcenter     688680.00
cellsize     5.00
nodata_value -9999
[rows 76 to 113 of 464, columns 168 to 251 of 410]
5.42 5.45 5.47 5.53 5.46 5.41 5.24 5.45 4.65 5.41 5.41 5.41 5.38 5.34 5.26 5.24 5.23 5.38 5.46 5.46 5.61 5.53 5.57 5.56 5.50 5.53 5.51 5.52 5.54 5.58 5.60 5.63 5.66 5.49 5.53 5.81 5.75 5.67 5.70 5.54 5.48 5.38 5.13 4.93 4.83 4.78 4.68 4.79 4.92 4.86 4.98 5.01 5.14 5.22 5.25 5.51 5.54 5.62 5.68 5.72 5.64 5.75 5.91 5.77 5.86 5.88 5.88 5.72 5.78 5.51 5.46 5.57 5.57 5.54 5.62 5.73 5.67 5.67 5.76 5.83 5.81 5.74 5.72 5.59
5.43 5.40 5.43 5.46 5.48 5.48 5.52 5.56 5.40 5.40 5.28 5.66 6.29 5.75 6.93 5.29 5.26 5.29 5.43 5.42 5.58 5.62 5.71 5.67 5.66 5.62 5.55 5.59 5.69 5.65 5.62 5.69 5.79 5.62 5.64 5.76 5.70 5.66 5.61 5.54 5.58 5.40 5.25 5.02 4.72 4.72 4.73 4.72 4.75 4.77 4.80 4.87 5.05 5.18 5.28 5.36 5.61 5.65 5.70 5.74 5.73 5.59 5.93 5.88 5.74 5.70 5.68 5.69 5.57 5.74 5.68 5.64 5.68 5.72 5.58 5.64 5.72 5.79 5.77 5.79 5.63 5.56 5.53 5.42
5.38 5.34 5.37 5.42 5.47 5.45 5.42 5.29 5.37 5.35 5.40 6.36 6.71 6.60 7.04 5.27 5.22 5.24 5.41 5.36 5.54 5.61 5.62 5.59 5.62 5.57 5.56 5.58 5.64 5.61 5.60 5.70 5.79 5.60 5.69 5.74 5.75 5.70 5.68 5.41 5.57 5.41 5.28 5.09 4.83 4.75 4.72 4.74 4.73 4.71 4.71 4.84 4.95 5.14 5.28 5.38 5.58 5.62 5.73 5.80 5.73 5.58 5.91 5.89 5.73 5.72 5.66 5.73 5.85 5.79 5.76 5.68 5.60 5.52 5.57 5.55 5.62 5.60 5.67 5.64 5.53 5.45 5.72 5.72
5.46 5.34 5.40 5.43 5.43 5.47 5.48 5.24 5.29 5.32 5.60 6.95 6.08 6.00 6.47 5.26 5.15 5.27 5.34 5.37 5.45 5.61 5.54 5.51 5.54 5.52 5.58 5.58 5.59 5.57 5.61 5.59 5.56 5.60 5.59 5.72 5.66 5.64 5.73 5.53 5.58 5.41 5.32 5.06 4.74 4.63 4.81 4.81 4.84 4.78 4.76 4.76 4.79 4.95 5.08 5.18 5.52 5.61 5.69 5.69 5.85 5.67 5.82 5.84 5.67 5.62 5.66 5.78 5.75 5.88 5.79 5.70 5.66 5.61 5.59 5.45 5.67 5.56 5.54 5.48 5.58 5.69 5.82 5.81
5.43 5.34 5.38 5.51 5.49 5.48 5.45 5.42 5.24 5.40 6.83 6.34 6.61 6.54 6.44 5.30 5.09 5.16 5.30 5.50 5.34 5.49 5.47 5.42 5.43 5.45 5.42 5.47 5.49 5.47 5.51 5.51 5.56 5.61 5.50 5.65 5.57 5.40 5.43 5.36 5.52 5.46 5.35 5.13 4.94 4.90 4.85 4.87 4.88 4.84 4.75 4.71 4.65 4.80 4.91 5.08 5.39 5.54 5.51 5.69 5.69 5.73 5.60 5.80 5.82 5.75 5.80 5.77 5.74 5.81 5.84 5.79 5.75 5.68 5.71 5.69 5.72 5.55 5.52 5.68 5.85 5.66 5.71 5.79
5.51 5.38 5.36 5.39 5.45 5.50 5.56 5.34 5.26 5.25 5.34 5.35 5.27 5.31 6.30 5.28 5.14 5.19 5.35 5.77 5.36 5.46 5.37 5.30 5.34 5.36 5.39 5.42 5.43 5.46 5.49 5.58 5.56 5.59 5.47 5.48 5.55 5.46 5.47 5.39 5.52 5.47 5.38 5.14 5.16 5.11 5.08 4.94 4.93 4.83 4.76 4.68 4.79 4.81 4.83 4.92 5.12 5.52 5.57 5.65 5.68 5.79 5.61 5.86 5.78 5.81 5.82 5.82 5.80 5.85 5.88 5.83 5.78 5.75 5.76 5.53 5.51 5.68 5.85 5.80 5.73 5.68 5.60 5.62
5.40 5.36 5.34 5.41 5.52 5.55 5.58 5.38 5.22 5.22 5.22 5.25 5.29 5.28 5.21 5.11 5.11 5.13 5.18 5.22 5.30 5.40 5.38 5.29 5.28 5.22 5.27 5.34 5.45 5.44 5.45 5.50 5.53 5.54 5.44 5.32 5.52 5.52 5.50 5.47 5.56 5.53 5.43 5.28 4.96 5.05 5.05 4.97 4.96 4.86 4.82 4.78 4.80 4.79 4.84 4.93 5.05 5.44 5.47 5.56 5.63 5.71 5.69 5.73 5.76 5.88 5.80 5.77 5.80 5.73 5.86 5.84 5.72 5.63 5.55 5.56 5.68 5.69 5.88 5.62 5.63 5.65 5.69 5.73
5.49 5.35 5.33 5.47 5.49 5.51 5.52 5.44 5.16 5.13 5.26 5.26 5.21 5.17 5.24 5.36 5.42 5.36 5.33 5.33 5.34 5.38 5.43 5.25 5.19 5.17 5.12 5.21 5.32 5.37 5.35 5.42 5.46 5.52 5.43 5.32 5.53 5.64 5.58 5.56 5.57 5.54 5.51 5.38 4.97 5.28 5.01 4.95 4.87 4.94 4.97 4.88 4.77 4.77 4.91 4.98 5.01 5.19 5.40 5.60 5.73 5.75 5.76 5.58 5.87 5.82 5.81 5.75 5.69 5.60 5.80 5.67 5.60 5.73 5.76 5.69 5.62 5.50 6.06 5.67 5.60 5.68 5.56 5.57
5.42 5.35 5.34 5.41 5.44 5.46 5.47 5.39 5.15 5.11 5.23 5.31 5.31 5.26 5.26 5.19 5.11 5.11 5.28 5.39 5.32 5.35 5.37 5.19 5.01 5.01 5.10 5.17 5.24 5.30 5.35 5.36 5.42 5.52 5.47 5.35 5.49 5.70 5.63 5.53 5.72 5.69 5.56 5.45 4.89 5.11 5.05 4.98 4.91 4.98 4.91 4.79 4.73 4.79 4.92 4.94 4.94 5.12 5.45 5.67 5.67 5.86 5.79 5.65 5.88 5.85 5.84 5.70 5.68 5.62 5.61 5.65 5.77 5.65 5.74 5.74 5.57 5.57 5.68 5.59 5.70 5.70 5.58 5.53
5.41 5.34 5.31 5.43 5.47 5.47 5.47 5.37 5.15 5.16 5.26 5.27 5.24 5.30 5.33 5.18 5.16 5.13 5.11 5.17 5.28 5.32 5.32 5.23 5.18 5.20 5.21 5.27 5.31 5.35 5.39 5.38 5.44 5.53 5.55 5.31 5.45 5.78 5.71 5.65 5.67 5.74 5.59 5.50 5.12 5.18 5.02 5.03 4.96 4.92 4.87 4.85 4.83 4.82 4.83 4.90 4.91 5.02 5.43 5.54 5.69 5.82 5.66 5.64 5.86 5.94 5.85 5.62 5.60 5.60 5.61 5.75 5.76 5.70 5.73 5.75 5.62 5.65 5.52 5.55 5.73 5.72 5.57 5.56
5.43 5.36 5.34 5.44 5.53 5.49 5.41 5.31 5.21 5.22 5.21 5.29 5.29 5.25 5.23 5.19 5.14 5.20 5.20 5.16 5.20 5.22 5.30 5.32 5.43 5.42 5.48 5.50 5.44 5.42 5.46 5.46 5.48 5.53 5.54 5.28 5.32 5.77 5.73 5.58 5.57 5.75 5.63 5.60 5.37 5.10 5.13 5.09 5.04 5.01 4.99 4.91 4.87 4.85 4.87 4.91 4.89 5.04 5.22 5.47 5.66 5.82 5.84 5.73 5.57 5.77 5.56 5.55 5.78 5.72 5.60 5.77 5.73 5.78 5.73 5.80 5.76 5.67 5.48 5.55 5.49 5.63 5.59 5.50
5.45 5.41 5.30 5.41 5.44 5.44 5.43 5.30 5.21 5.14 5.28 5.21 5.22 5.21 5.19 5.20 5.20 5.27 5.28 5.19 5.21 5.24 5.26 5.33 5.47 5.42 5.48 5.45 5.39 5.37 5.40 5.40 5.45 5.49 5.53 5.24 5.33 5.66 5.70 5.67 5.81 5.75 5.71 5.63 5.51 5.14 5.09 5.10 5.11 5.12 5.10 5.00 4.88 4.83 4.92 4.86 4.99 5.09 5.22 5.38 5.63 5.78 5.81 5.86 5.63 5.56 5.76 5.80 5.75 5.78 5.68 5.70 5.78 5.80 5.85 5.76 5.78 5.47 5.50 5.35 5.45 5.44 5.50 5.47
5.58 5.43 5.33 5.36 5.45 5.46 5.47 5.43 5.31 5.10 5.27 5.15 5.16 5.15 5.14 5.20 5.26 5.20 5.38 5.39 5.31 5.31 5.29 5.38 5.38 5.38 5.46 5.41 5.37 5.31 5.35 5.37 5.41 5.46 5.49 5.31 5.29 5.44 5.71 5.78 5.77 5.76 5.84 5.68 5.60 5.16 5.22 5.26 5.19 5.13 5.11 4.95 4.94 4.90 4.91 4.99 5.04 5.05 5.08 5.35 5.54 5.70 5.82 5.77 5.64 5.51 5.82 5.78 5.78 5.81 5.73 5.61 5.75 5.83 5.81 5.75 5.81 5.55 5.60 5.37 5.39 5.39 5.46 5.49
5.53 5.40 5.35 5.36 5.42 5.40 5.44 5.42 5.33 5.08 5.22 5.23 5.22 5.28 5.30 5.34 5.44 5.40 5.35 5.29 5.28 5.22 5.28 5.34 5.56 5.35 5.39 5.39 5.33 5.28 5.30 5.33 5.31 5.24 5.34 5.33 5.32 5.36 5.47 5.59 5.73 5.72 5.80 5.75 5.67 5.31 5.44 5.29 5.17 5.22 5.20 5.15 5.07 4.97 4.95 4.94 5.05 5.06 5.17 5.39 5.56 5.64 5.70 5.76 5.68 5.66 5.78 5.71 5.72 5.79 5.74 5.61 5.67 5.72 5.74 5.77 5.76 5.56 5.59 5.39 5.34 5.37 5.40 5.43
5.52 5.44 5.38 5.39 5.46 5.45 5.40 5.34 5.17 5.03 5.05 5.23 5.30 5.33 5.38 5.43 5.43 5.37 5.33 5.35 5.25 5.22 5.29 5.40 5.42 5.33 5.35 5.39 5.39 5.40 5.32 5.45 5.45 5.47 5.43 5.46 5.50 5.39 5.55 5.48 5.50 5.59 5.81 5.82 5.74 5.53 5.38 5.38 5.31 5.29 5.23 5.18 5.10 5.03 5.16 5.13 5.18 5.21 5.26 5.46 5.58 5.61 5.67 5.77 5.80 5.58 5.75 5.79 5.72 5.75 5.77 5.56 5.75 5.68 5.73 5.75 5.79 5.72 5.48 5.50 5.40 5.32 5.59 5.50
5.37 5.32 5.33 5.36 5.38 5.27 5.27 5.28 5.15 5.02 5.14 5.21 5.23 5.29 5.37 5.39 5.41 5.32 5.25 5.29 5.22 5.15 5.27 5.18 5.49 5.44 5.48 5.45 5.48 5.46 5.46 5.47 5.38 5.37 5.39 5.34 5.36 5.34 5.53 5.56 5.51 5.61 5.72 5.86 5.85 5.65 5.47 5.44 5.37 5.34 5.42 5.32 5.23 5.23 5.11 5.10 5.19 5.20 5.29 5.40 5.52 5.59 5.72 5.84 5.81 5.58 5.76 5.67 5.76 5.70 5.74 5.55 5.69 5.73 5.69 5.74 5.79 5.70 5.51 5.60 5.48 5.26 5.25 5.41
5.23 5.23 5.25 5.22 5.25 5.32 5.26 5.30 5.04 5.08 5.12 5.18 5.24 5.20 5.36 5.37 5.35 5.29 5.23 5.19 5.16 5.12 5.26 5.26 5.43 5.41 5.39 5.44 5.48 5.56 5.47 5.55 5.51 5.47 5.34 5.45 5.44 5.42 5.41 5.54 5.56 5.62 5.82 5.91 5.87 5.75 5.46 5.62 5.61 5.44 5.45 5.34 5.31 5.19 5.21 5.31 5.26 5.39 5.36 5.43 5.50 5.63 5.69 5.82 5.85 5.65 5.68 5.66 5.71 5.82 5.87 5.62 5.65 5.73 5.78 5.76 5.75 5.75 5.54 5.68 5.58 5.31 5.24 5.33
5.26 5.29 5.28 5.25 5.21 5.23 5.25 5.02 4.96 5.02 5.05 5.11 5.17 5.19 5.28 5.32 5.30 5.22 5.18 5.16 5.18 5.11 5.28 5.29 5.42 5.48 5.54 5.48 5.50 5.51 5.57 5.53 5.49 5.52 5.48 5.57 5.51 5.60 5.47 5.55 5.60 5.71 5.74 5.82 5.88 5.85 5.62 5.76 5.60 5.58 5.63 5.56 5.45 5.32 5.37 5.40 5.42 5.39 5.35 5.30 5.32 5.54 5.74 5.83 5.84 5.84 5.59 5.69 5.87 5.83 5.81 5.70 5.43 5.74 5.79 5.01 4.90 5.88 5.62 5.68 5.66 5.54 5.33 5.39
5.23 5.35 5.26 5.27 5.22 5.14 5.23 4.97 5.02 4.99 5.04 4.99 5.08 5.13 5.24 5.30 5.24 5.21 5.20 5.24 5.26 5.11 5.24 5.32 5.52 5.46 5.54 5.50 5.57 5.53 5.57 5.56 5.52 5.55 5.52 5.56 5.60 5.64 5.69 5.52 5.70 5.61 5.66 5.83 6.02 5.90 5.78 5.81 5.78 5.73 5.75 5.73 5.55 5.43 5.30 5.41 5.42 5.42 5.36 5.41 5.33 5.55 5.70 5.79 5.88 5.78 5.58 5.76 5.77 5.78 5.79 5.67 5.45 5.81 5.86 5.94 5.48 5.89 5.70 5.64 5.59 5.65 5.41 5.41
5.07 5.11 4.99 4.76 4.63 4.40 4.55 4.41 4.36 4.26 4.30 4.34 4.36 4.40 4.46 4.49 4.62 4.76 4.97 4.94 4.86 4.92 5.26 5.33 5.57 5.55 5.49 5.60 5.65 5.58 5.62 5.67 5.63 5.60 5.65 5.61 5.62 5.63 5.63 5.59 5.53 5.65 5.68 5.81 6.09 5.99 5.87 5.89 5.89 5.78 5.69 5.67 5.61 5.47 5.40 5.47 5.48 5.47 5.41 5.41 5.35 5.53 5.67 5.73 5.79 5.77 5.67 5.60 5.65 5.35 5.11 5.66 5.50 5.87 5.92 5.94 5.79 5.78 5.72 5.67 5.76 5.80 5.58 5.41
4.89 4.98 5.10 5.10 5.20 5.23 5.14 5.01 5.06 5.09 5.14 5.17 5.23 5.29 5.35 5.36 5.34 5.28 5.21 5.20 5.13 5.09 5.18 5.35 5.54 5.49 5.54 5.55 5.59 5.73 5.66 5.60 5.65 5.64 5.68 5.69 5.68 5.70 5.68 5.67 5.56 5.71 5.76 5.90 6.18 5.98 5.96 6.04 5.84 5.77 5.82 5.80 5.54 5.49 5.47 5.44 5.45 5.32 5.35 5.44 5.36 5.37 5.59 5.77 5.78 5.78 5.72 5.50 5.64 5.80 5.32 5.35 5.56 5.62 5.72 5.69 5.68 5.71 5.75 5.84 5.79 5.75 5.62 5.34
4.89 4.96 4.94 5.00 5.09 5.06 5.10 5.08 5.07 5.16 5.18 5.24 5.30 5.31 5.38 5.41 5.36 5.33 5.26 5.20 5.18 5.28 5.35 5.43 5.64 5.62 5.70 5.66 5.67 5.75 5.69 5.63 5.62 5.57 5.64 5.62 5.66 5.63 5.64 5.60 5.60 5.58 5.74 5.96 6.31 6.01 5.99 6.05 5.74 5.67 5.74 5.69 5.51 5.33 5.34 5.44 5.51 5.51 5.46 5.47 5.38 5.34 5.64 5.75 5.78 5.79 5.74 5.52 5.77 5.80 5.74 5.49 5.62 5.62 5.65 5.73 5.68 5.76 5.95 5.91 5.79 5.74 5.67 5.40
4.86 4.95 5.04 5.31 5.49 5.19 5.11 5.11 5.13 5.15 5.22 5.27 5.34 5.36 5.40 5.43 5.38 5.35 5.35 5.50 5.24 5.40 5.44 5.50 5.53 5.59 6.25 6.21 5.69 5.61 5.59 5.56 5.52 5.57 5.60 5.64 5.68 5.71 5.72 5.68 5.75 5.62 5.76 5.83 6.02 6.17 6.05 6.00 5.94 5.51 5.49 5.52 5.47 5.43 5.43 5.42 5.48 5.60 5.53 5.60 5.67 5.63 5.72 5.77 5.85 5.80 5.75 5.50 5.51 5.65 5.58 5.59 5.59 5.62 5.77 5.81 5.92 5.84 5.79 5.84 5.82 5.75 5.78 5.67
4.96 5.05 4.96 5.20 5.44 5.17 5.25 5.16 5.20 5.22 5.25 5.33 5.35 5.39 5.40 5.45 5.44 5.40 5.43 5.52 5.36 5.49 5.54 5.61 5.63 5.64 5.59 5.53 5.68 5.44 5.53 5.66 5.59 5.61 5.69 5.71 5.71 5.79 5.75 5.71 5.76 5.80 5.78 5.88 6.06 6.24 6.11 6.04 6.00 5.64 5.61 5.49 5.45 5.46 5.41 5.45 5.58 5.71 5.75 5.76 5.80 5.85 5.84 5.79 5.70 5.58 5.47 5.45 5.48 5.50 5.71 5.62 5.60 5.85 5.96 5.90 5.80 5.80 5.83 5.80 5.80 5.76 5.67 5.70
4.98 4.95 5.09 5.37 5.33 5.61 5.58 5.15 5.15 5.21 5.29 5.35 5.40 5.48 5.48 5.54 5.52 5.48 5.45 5.41 5.41 5.55 5.62 5.76 5.68 5.70 5.70 5.62 5.52 5.45 5.57 5.79 5.83 5.84 5.93 5.84 5.80 5.74 5.70 5.75 5.80 5.84 5.77 5.87 6.03 6.29 6.12 6.06 6.14 5.71 5.65 5.58 5.56 5.54 5.66 5.73 5.77 5.72 5.69 5.70 5.72 5.59 5.49 5.51 5.44 5.43 5.73 5.75 5.84 5.81 5.75 5.78 5.82 5.88 5.84 5.89 5.85 5.77 5.75 5.75 5.72 5.65 5.68 5.77
5.10 5.04 4.90 5.02 5.12 5.14 5.85 5.21 5.28 5.34 5.36 5.59 5.47 5.51 5.52 5.61 5.58 5.44 5.43 5.44 5.49 5.62 5.78 5.76 5.72 5.71 5.72 5.74 5.69 5.66 5.65 5.73 5.82 5.63 5.76 5.73 5.67 5.73 5.69 5.76 5.82 5.86 5.85 5.75 5.90 6.28 6.14 6.10 6.16 5.75 5.80 5.92 5.85 5.79 5.73 5.71 5.69 5.57 5.51 5.54 5.49 5.50 5.72 5.78 5.78 5.81 5.88 5.95 5.82 5.77 5.73 5.79 5.73 5.77 5.77 5.81 5.76 5.68 5.68 5.65 5.61 5.67 5.71 5.77
5.11 5.09 4.99 4.98 5.14 5.18 5.97 5.20 5.29 5.33 5.37 5.44 5.56 5.59 5.63 5.73 5.64 6.12 5.49 5.53 5.61 5.68 5.73 5.75 5.74 5.77 5.75 5.85 5.80 5.83 5.76 5.67 5.75 5.62 5.64 5.60 5.54 5.66 5.65 5.72 5.66 5.74 5.80 5.70 5.87 5.95 6.24 6.11 6.12 6.11 5.94 5.91 5.78 5.62 5.60 5.59 5.55 5.50 5.55 5.84 5.79 5.76 5.68 5.71 5.76 5.84 5.89 5.89 5.71 5.70 5.69 5.72 5.68 5.71 5.71 5.56 5.66 5.63 5.59 5.58 5.52 5.58 5.69 5.78
5.05 5.09 5.03 5.01 5.02 5.08 5.22 5.29 5.35 5.31 5.34 5.43 5.49 5.58 5.55 5.64 5.59 5.56 5.56 5.62 5.80 5.83 5.81 5.81 5.75 5.76 5.94 5.90 5.80 5.80 5.76 5.62 5.63 5.66 5.58 5.53 5.56 5.51 5.44 5.49 5.55 5.76 5.79 5.77 5.82 5.92 6.29 6.16 6.00 5.85 5.79 5.72 5.69 5.65 5.72 5.76 5.66 5.62 5.65 5.75 5.75 5.66 5.57 5.61 5.66 5.70 5.73 5.65 5.63 5.61 5.56 5.61 5.65 5.59 5.63 5.52 5.59 5.60 5.55 5.50 5.48 5.51 5.69 5.76
5.07 5.04 5.15 5.08 5.04 5.04 5.02 5.19 5.19 5.34 5.35 5.38 5.33 5.34 5.43 5.49 5.58 5.59 5.61 5.62 5.77 5.83 5.87 5.85 5.77 5.79 5.90 5.92 5.80 5.78 5.75 5.52 5.60 5.63 5.47 5.50 5.51 5.48 5.43 5.55 5.56 5.65 5.77 5.59 5.78 5.87 6.25 6.13 6.02 5.91 5.86 5.85 5.80 5.43 5.19 4.87 4.65 5.52 5.49 5.56 5.54 5.53 5.53 5.51 5.59 5.64 5.65 5.62 5.60 5.50 5.54 5.49 5.58 5.54 5.59 5.54 5.43 5.54 5.53 5.48 5.43 5.48 5.56 5.63
5.05 5.04 5.01 5.06 5.01 4.89 5.01 4.99 4.78 5.20 5.20 5.22 5.20 5.18 5.30 5.40 5.48 5.53 5.60 5.60 5.76 5.78 5.92 5.77 5.60 5.66 5.76 5.93 5.77 5.82 5.69 5.57 5.65 5.65 5.50 5.44 5.54 5.49 5.55 5.59 5.56 5.56 5.52 5.55 5.81 5.88 6.17 6.13 6.08 5.99 5.88 5.89 5.00 3.16 2.91 2.95 3.44 5.36 5.31 5.27 5.53 5.45 5.42 5.44 5.42 5.55 5.61 5.64 5.62 5.54 5.48 5.42 5.45 5.47 5.52 5.55 5.41 5.44 5.47 5.46 5.45 5.48 5.52 5.66
5.00 4.99 4.92 4.90 4.98 4.97 5.07 4.97 4.93 5.14 5.24 5.13 5.10 5.14 5.19 5.29 5.28 5.45 5.56 5.60 5.70 5.78 5.90 5.79 5.67 5.68 5.83 5.89 5.83 5.87 5.78 5.55 5.55 5.56 5.49 5.58 5.59 5.53 5.52 5.64 5.61 5.59 5.58 5.66 5.67 5.85 5.98 6.17 6.13 5.97 5.94 6.00 5.30 2.88 2.86 2.83 2.88 5.15 5.17 5.15 5.46 5.46 5.47 5.44 5.40 5.47 5.55 5.58 5.62 5.56 5.49 5.41 5.36 5.40 5.41 5.43 5.35 5.25 5.45 5.50 5.51 5.54 5.53 5.64
4.98 5.00 4.93 5.01 4.96 4.97 4.95 5.02 5.02 4.60 5.05 5.32 5.15 5.16 5.14 5.22 5.37 5.46 5.52 5.63 5.74 5.68 5.82 5.80 5.68 5.65 5.78 5.91 5.92 5.79 5.70 5.62 5.62 5.62 5.63 5.57 5.53 5.64 5.57 5.63 5.51 5.56 5.62 5.62 5.63 5.79 5.89 6.24 6.13 6.08 5.94 5.93 5.42 3.48 2.83 2.82 2.82 4.75 5.21 5.28 5.30 5.56 5.46 5.43 5.45 5.40 5.48 5.48 5.49 5.55 5.55 5.45 5.35 5.39 5.35 5.36 5.39 5.34 5.47 5.58 5.59 5.62 5.64 5.64
5.00 4.97 4.99 4.97 4.89 4.93 5.02 5.02 4.98 4.94 5.05 5.08 5.11 5.01 5.23 5.29 5.34 5.38 5.44 5.53 5.74 5.69 5.86 5.79 5.62 5.63 5.80 5.94 5.90 5.94 5.76 5.64 5.58 5.52 5.63 5.56 5.62 5.56 5.50 5.58 5.71 5.70 5.69 5.64 5.65 5.78 5.87 6.21 6.14 6.06 5.91 5.82 5.73 3.90 2.83 2.83 2.88 4.33 5.41 5.36 5.42 5.56 5.54 5.44 5.38 5.43 5.42 5.44 5.36 5.44 5.50 5.48 5.40 5.35 5.33 5.36 5.47 5.45 5.47 5.69 5.62 5.54 5.68 5.72
4.90 4.91 4.94 4.88 4.83 4.80 4.85 4.93 5.09 5.04 4.51 5.06 5.04 4.98 5.01 5.10 5.13 5.19 5.37 5.53 5.71 5.76 5.81 5.82 5.65 5.63 5.76 5.93 5.92 5.87 5.69 5.64 5.45 5.53 5.40 5.45 5.56 5.66 5.58 5.57 5.54 5.51 5.61 5.68 5.81 6.04 5.99 6.15 6.16 6.12 6.03 5.75 5.57 4.53 2.82 2.80 2.80 3.69 5.38 5.34 5.42 5.85 5.52 5.41 5.40 5.40 5.38 5.36 5.28 5.27 5.37 5.44 5.49 5.40 5.41 5.44 5.52 5.59 5.49 5.58 5.61 5.81 5.80 5.75
4.91 4.96 4.86 4.77 4.77 4.73 4.74 4.86 4.86 5.00 5.12 5.01 4.94 4.88 4.91 4.88 4.91 5.23 5.33 5.50 5.69 5.74 5.82 5.82 5.71 5.59 5.65 5.77 5.73 5.72 5.58 5.54 5.77 5.47 5.50 5.53 5.49 5.48 5.41 5.54 5.67 5.70 5.80 5.85 5.86 5.84 5.87 6.08 6.13 6.15 6.11 5.92 5.59 5.18 2.82 2.81 2.81 3.12 5.17 5.24 5.36 5.35 5.27 5.22 5.32 5.36 5.40 5.34 5.26 5.16 5.19 5.33 5.55 5.46 5.47 5.53 5.52 5.61 5.66 5.56 5.60 5.68 5.69 5.79
4.73 4.74 4.70 4.66 4.63 4.67 4.76 4.87 4.93 5.04 5.15 4.32 4.91 5.03 5.09 5.16 5.20 5.36 5.17 5.41 5.49 5.60 5.62 5.56 5.50 5.60 5.57 5.61 5.56 5.52 5.51 5.54 6.02 5.44 5.52 5.54 5.52 5.56 5.63 5.74 5.74 5.76 5.83 5.87 5.96 6.05 6.09 6.15 6.15 6.16 6.17 6.01 5.62 5.45 3.37 3.74 4.20 4.75 5.22 5.32 4.97 5.11 5.16 5.26 5.17 5.37 5.32 5.34 5.29 5.16 5.13 5.20 5.36 5.35 5.46 5.64 5.53 5.57 5.56 5.61 5.64 5.67 5.80 5.86
4.72 4.75 4.82 4.80 4.78 4.77 4.74 4.79 4.84 4.93 5.00 4.01 4.94 5.11 5.13 5.16 5.30 5.45 5.19 5.32 5.44 5.52 5.47 5.56 5.54 5.50 5.48 5.50 5.51 5.50 5.54 5.50 5.54 5.61 5.64 5.64 5.69 5.74 5.78 5.88 5.91 5.91 6.10 6.10 6.22 6.39 6.48 6.44 6.27 6.16 6.18 6.29 5.70 5.49 5.28 5.20 5.21 4.94 4.98 4.96 4.73 4.79 5.01 5.25 5.50 5.42 5.32 5.40 5.22 5.38 5.21 5.28 5.95 5.45 5.58 5.65 5.60 5.60 5.70 5.74 5.82 5.90 5.87 5.83
4.72 4.72 4.77 4.79 4.86 4.83 4.77 4.84 4.93 4.98 5.16 4.11 5.02 5.11 5.11 5.14 5.30 6.22 5.38 5.21 5.34 5.49 5.60 5.43 5.39 5.37 5.35 5.37 5.39 5.41 5.34 5.47 5.57 5.65 5.65 5.54 5.39 4.87 6.03 6.18 6.29 6.37 6.41 6.37 6.49 6.62 6.46 6.37 6.35 6.14 6.18 6.29 5.71 5.49 5.19 4.63 4.90 4.46 4.68 4.49 4.48 4.56 4.69 4.99 5.41 5.68 5.40 5.16 5.30 5.23 5.26 5.32 5.32 5.54 5.59 5.68 5.70 5.64 5.68 5.77 5.98 5.97 5.91 5.91
