projekt-domowy/output/nmt.asc
ncols         410
nrows         464
xllcenter     502045.00
yllcenter     688680.00
cellsize     5.00
nodata_value -9999
[rows 342 to 379 of 464, columns 252 to 335 of 410]
5.89 5.87 5.80 5.73 5.69 5.59 5.63 5.54 5.58 5.56 5.64 5.70 5.62 5.57 5.12 4.03 4.17 5.69 6.08 6.30 6.20 5.74 5.55 5.01 4.08 3.94 5.14 6.02 6.29 6.35 6.38 6.40 6.34 6.31 6.30 6.25 6.24 6.27 6.23 6.31 6.25 6.28 6.25 6.21 6.27 6.22 6.09 6.07 6.18 6.18 6.13 6.09 6.08 6.05 6.08 6.09 6.01 6.03 5.97 5.95 5.85 5.89 5.90 5.84 5.85 5.83 5.71 5.69 5.57 5.57 5.61 5.67 5.72 5.67 5.72 5.69 5.74 5.70 5.82 5.73 5.70 5.70 5.61 5.64
5.79 5.75 5.74 5.70 5.64 5.56 5.61 5.56 5.73 5.78 5.49 5.38 4.53 3.80 4.82 5.62 3.75 5.36 5.96 6.49 5.07 4.00 3.98 5.25 6.20 6.47 6.46 6.44 6.41 6.35 6.36 6.31 6.28 6.24 6.26 6.23 6.21 6.15 6.20 6.19 6.26 6.28 6.33 6.23 6.17 6.25 6.20 6.22 6.22 6.22 6.20 6.18 6.11 6.03 6.03 5.98 6.03 5.96 5.98 5.97 5.89 5.88 5.86 5.83 5.78 5.71 5.64 5.71 5.68 5.64 5.61 5.69 5.68 5.65 5.71 5.76 5.80 5.81 5.76 5.71 5.67 5.62 5.61 5.67
5.82 5.78 5.68 5.72 5.73 5.69 5.90 5.70 5.38 4.64 3.77 4.36 5.69 5.92 6.00 5.99 5.77 4.04 4.15 6.50 6.06 6.44 6.65 6.60 6.58 6.54 6.44 6.38 6.33 6.31 6.29 6.26 6.23 6.18 6.16 6.18 6.24 6.24 6.25 6.22 6.19 6.21 6.34 6.34 6.33 6.31 6.26 6.28 6.19 6.25 6.16 6.10 6.09 5.98 6.01 6.01 6.08 5.94 5.91 5.89 5.84 5.85 5.73 5.67 5.78 5.79 5.76 5.69 5.68 5.66 5.71 5.69 5.68 5.66 5.73 5.76 5.75 5.70 5.73 5.65 5.70 5.65 5.53 5.57
5.63 5.64 5.63 5.62 5.66 5.34 4.67 3.85 4.26 5.51 5.67 5.66 5.83 5.94 6.04 6.19 6.21 6.39 6.60 6.75 6.83 6.74 6.72 6.59 6.50 6.44 6.36 6.35 6.27 6.26 6.16 6.13 6.22 6.19 6.22 6.23 6.18 6.13 6.16 6.27 6.30 6.38 6.34 6.39 6.41 6.33 6.29 6.21 6.20 6.18 6.11 6.09 6.07 6.09 6.09 5.97 5.98 6.01 5.90 5.86 5.80 5.85 5.80 5.85 5.80 5.86 5.75 5.72 5.70 5.67 5.66 5.69 5.68 5.67 5.69 5.75 5.72 5.75 5.71 5.66 5.63 5.64 5.66 5.76
5.67 5.61 5.58 5.47 4.07 4.23 5.27 5.64 5.61 5.60 5.61 5.66 5.78 5.89 6.00 6.17 6.36 6.52 6.64 6.69 6.73 6.66 6.56 6.51 6.43 6.44 6.34 6.24 6.23 6.26 6.20 6.25 6.19 6.15 6.06 6.12 6.21 6.25 6.26 6.26 6.26 6.35 6.40 6.38 6.32 6.25 6.27 6.24 6.17 6.12 6.19 6.06 6.08 6.07 6.02 5.90 5.90 5.93 5.87 5.86 5.86 5.82 5.86 5.82 5.83 5.82 5.74 5.74 5.69 5.64 5.66 5.64 5.66 5.57 5.72 5.69 5.67 5.66 5.73 5.71 5.72 5.67 5.66 5.69
5.53 5.42 5.23 4.06 5.57 5.64 5.62 5.53 5.55 5.60 5.67 5.74 5.81 5.88 6.07 6.30 6.43 6.55 6.61 6.63 6.62 6.59 6.54 6.52 6.38 6.34 6.44 6.33 6.29 6.28 6.26 6.16 6.13 6.24 6.16 6.17 6.20 6.22 6.24 6.27 6.31 6.32 6.26 6.37 6.29 6.29 6.25 6.25 6.16 6.15 6.11 6.08 5.96 5.92 5.99 5.98 5.90 6.01 5.89 5.92 5.84 5.83 5.86 5.81 5.82 5.78 5.80 5.74 5.71 5.66 5.62 5.66 5.67 5.64 5.64 5.68 5.66 5.65 5.68 5.67 5.69 5.59 5.67 5.72
5.78 5.24 4.11 5.73 5.70 5.59 5.54 5.51 5.61 5.64 5.73 5.84 5.90 6.04 6.10 6.27 6.45 6.54 6.59 6.62 6.62 6.48 6.44 6.52 6.43 6.37 6.37 6.36 6.25 6.19 6.29 6.23 6.24 6.23 6.21 6.22 6.21 6.23 6.19 6.22 6.24 6.24 6.22 6.29 6.31 6.30 6.16 6.21 6.15 6.00 6.02 6.09 6.09 5.99 5.99 5.96 5.92 5.93 5.88 5.89 5.82 5.82 5.83 5.78 5.81 5.75 5.78 5.73 5.76 5.69 5.67 5.62 5.58 5.65 5.67 5.65 5.71 5.69 5.67 5.63 5.67 5.66 5.67 5.69
5.73 3.85 5.88 5.75 5.61 5.56 5.54 5.62 5.70 5.77 5.91 5.96 6.06 6.16 6.24 6.37 6.52 6.54 6.55 6.56 6.59 6.61 6.60 6.49 6.42 6.37 6.22 6.26 6.29 6.28 6.34 6.25 6.27 6.19 6.20 6.17 6.13 6.17 6.20 6.19 6.27 6.27 6.24 6.24 6.26 6.14 6.07 6.06 6.11 6.07 6.06 6.04 6.11 6.02 6.00 5.94 5.93 5.84 5.85 5.83 5.80 5.74 5.75 5.77 5.77 5.80 5.78 5.74 5.66 5.62 5.66 5.66 5.68 5.66 5.67 5.56 5.61 5.70 5.67 5.67 5.73 5.66 5.75 5.84
4.17 5.86 5.85 5.76 5.64 5.62 5.69 5.76 5.86 5.94 6.06 6.12 6.22 6.34 6.39 6.49 6.59 6.63 6.68 6.72 6.64 6.61 6.53 6.39 6.35 6.41 6.29 6.30 6.31 6.29 6.25 6.21 6.25 6.15 6.20 6.18 6.14 6.19 6.20 6.17 6.16 6.20 6.19 6.13 6.08 6.16 6.18 6.12 6.11 6.05 6.10 6.07 6.01 6.04 5.95 5.93 5.90 5.88 5.86 5.74 5.79 5.78 5.78 5.74 5.72 5.67 5.66 5.73 5.70 5.69 5.73 5.74 5.63 5.65 5.63 5.65 5.63 5.69 5.73 5.78 5.80 5.80 5.84 5.84
4.97 5.93 5.82 5.73 5.70 5.78 5.84 5.93 6.02 6.14 6.22 6.26 6.38 6.47 6.50 6.61 6.65 6.72 6.75 6.67 6.61 6.53 6.56 6.49 6.43 6.40 6.32 6.26 6.25 6.16 6.17 6.21 6.22 6.22 6.17 6.12 6.16 6.11 6.09 6.08 6.06 6.05 6.08 6.19 6.12 6.22 6.18 6.13 6.12 6.11 6.07 6.05 6.04 5.98 5.92 5.87 5.80 5.76 5.79 5.78 5.75 5.74 5.67 5.61 5.61 5.70 5.75 5.66 5.70 5.68 5.68 5.73 5.74 5.71 5.72 5.67 5.74 5.78 5.78 5.84 5.82 5.84 5.87 5.87
5.94 5.95 5.79 5.71 5.86 5.88 5.97 6.12 6.16 6.25 6.38 6.40 6.53 6.63 6.61 6.69 6.71 6.60 6.65 6.77 6.64 6.62 6.50 6.47 6.32 6.32 6.31 6.12 6.13 6.18 6.20 6.24 6.13 6.13 6.09 6.09 6.05 6.06 5.95 5.92 6.10 6.15 6.11 6.14 6.14 6.13 6.16 6.14 6.07 6.09 6.05 6.05 6.01 5.92 5.88 5.87 5.86 5.84 5.79 5.66 5.68 5.62 5.64 5.60 5.66 5.63 5.66 5.66 5.70 5.74 5.76 5.78 5.76 5.83 5.78 5.77 5.78 5.77 5.83 5.88 5.76 5.82 5.84 5.90
5.86 5.83 5.80 5.85 5.95 6.07 6.09 6.23 6.29 6.40 6.46 6.56 6.62 6.65 6.61 6.69 6.80 6.73 6.70 6.70 6.64 6.55 6.45 6.37 6.29 6.31 6.21 6.14 6.19 6.16 6.13 6.09 6.06 6.02 6.06 5.91 5.90 6.02 6.00 6.03 6.09 6.03 6.08 6.07 6.21 6.22 6.16 6.11 6.07 6.06 6.02 5.97 5.99 5.94 5.91 5.88 5.83 5.72 5.68 5.66 5.65 5.66 5.57 5.57 5.59 5.61 5.74 5.79 5.79 5.83 5.85 5.88 5.88 5.88 5.83 5.78 5.80 5.72 5.76 5.85 5.87 5.90 5.88 5.90
5.79 5.79 5.85 5.87 6.07 6.15 6.25 6.32 6.39 6.43 6.50 6.57 6.61 6.73 6.76 6.74 6.74 6.72 6.69 6.62 6.67 6.48 6.39 6.34 6.27 6.28 6.23 6.10 6.09 6.09 6.04 5.99 5.89 5.87 6.02 6.01 5.98 6.02 5.96 6.00 6.04 6.11 6.10 6.09 6.15 6.16 6.10 6.06 5.98 6.05 6.01 6.02 5.97 5.92 5.83 5.77 5.72 5.75 5.75 5.66 5.61 5.61 5.66 5.70 5.65 5.74 5.76 5.83 5.86 5.92 5.97 5.90 5.93 5.90 5.77 5.75 5.84 5.86 5.86 5.89 5.89 5.87 5.86 5.76
5.68 5.73 5.77 6.00 6.09 6.17 6.26 6.37 6.40 6.52 6.62 6.67 6.77 6.76 6.72 6.71 6.65 6.73 6.61 6.52 6.54 6.49 6.44 6.35 6.18 6.17 6.16 6.06 5.97 5.93 5.84 5.99 5.95 5.94 5.96 5.99 5.95 5.98 5.99 6.03 5.99 5.98 6.00 6.07 6.02 6.02 6.05 6.05 6.05 6.04 5.97 5.88 5.86 5.84 5.83 5.80 5.77 5.70 5.68 5.67 5.71 5.71 5.71 5.73 5.75 5.82 5.83 5.89 5.88 5.92 5.95 5.96 5.91 5.93 5.89 5.87 5.87 5.89 5.85 5.89 5.81 5.70 5.73 5.64
5.72 5.78 5.86 5.96 6.14 6.20 6.21 6.41 6.57 6.61 6.69 6.74 6.78 6.68 6.68 6.58 6.54 6.55 6.54 6.54 6.52 6.41 6.38 6.33 6.20 6.13 5.93 5.87 5.92 5.95 5.94 5.92 5.94 5.94 5.96 5.96 6.01 5.96 5.96 5.89 5.91 6.00 5.90 6.01 6.04 6.06 6.10 6.02 5.90 5.87 5.91 5.91 5.80 5.85 5.74 5.74 5.85 5.79 5.81 5.79 5.80 5.80 5.79 5.75 5.74 5.76 5.85 5.93 5.94 5.92 5.91 5.99 5.95 5.90 5.96 5.88 5.88 5.85 5.76 5.82 5.70 5.70 5.63 5.62
5.75 5.78 5.98 5.99 6.06 6.17 6.31 6.38 6.51 6.61 6.75 6.68 6.65 6.56 6.59 6.51 6.55 6.58 6.49 6.45 6.45 6.29 6.22 6.06 6.02 6.02 5.98 5.93 5.88 5.86 5.85 5.94 5.94 5.93 5.95 5.94 5.95 5.91 5.90 5.84 5.91 5.92 5.98 6.06 5.98 5.92 5.92 5.88 5.93 5.83 5.87 5.83 5.81 5.87 5.82 5.86 5.83 5.87 5.87 5.88 5.86 5.89 5.82 5.78 5.85 5.88 5.87 5.89 5.94 5.95 6.02 6.01 5.95 5.93 5.87 5.82 5.84 5.79 5.84 5.73 5.69 5.63 5.61 5.54
5.76 5.87 6.00 6.06 6.11 6.23 6.25 6.37 6.47 6.55 6.60 6.63 6.65 6.60 6.56 6.52 6.48 6.41 6.39 6.35 6.23 6.18 6.21 6.10 6.03 5.96 5.94 5.87 5.85 5.89 5.92 5.88 5.90 5.85 5.82 5.91 5.88 5.94 5.88 5.96 5.94 5.92 5.89 5.86 5.90 5.89 5.88 5.82 5.82 5.86 5.86 5.87 5.88 5.81 5.88 5.87 5.95 5.90 5.91 5.89 5.84 5.84 5.91 5.81 5.88 5.92 5.98 5.89 6.02 5.98 5.99 5.94 5.96 5.90 5.91 5.87 5.80 5.72 5.76 5.70 5.73 5.65 5.58 5.54
5.82 6.01 6.00 6.08 6.18 6.16 6.25 6.36 6.42 6.51 6.59 6.56 6.54 6.52 6.45 6.38 6.30 6.23 6.16 6.21 6.32 6.14 6.15 6.04 5.96 5.93 5.92 5.90 5.79 5.76 5.82 5.74 5.82 5.86 5.85 5.90 5.95 5.96 5.88 5.84 5.82 5.84 5.85 5.81 5.78 5.75 5.81 5.82 5.86 5.94 5.86 5.86 5.83 5.88 5.89 5.87 5.87 5.88 5.92 5.93 5.85 5.86 5.92 5.89 5.93 5.91 5.90 5.96 5.91 5.93 5.94 5.93 5.90 5.85 5.80 5.76 5.77 5.77 5.76 5.73 5.69 5.61 5.46 5.40
6.08 6.09 6.07 6.09 6.11 6.19 6.24 6.33 6.41 6.49 6.49 6.48 6.43 6.38 6.30 6.17 6.19 6.21 6.16 6.17 6.14 6.09 6.10 6.00 6.03 5.92 5.84 5.78 5.68 5.65 5.69 5.78 5.82 5.83 5.92 5.89 5.90 5.87 5.82 5.88 5.78 5.73 5.78 5.79 5.79 5.80 5.89 5.80 5.76 5.83 5.87 5.80 5.81 5.89 5.86 5.89 5.90 5.85 5.89 5.89 5.88 5.88 5.88 5.84 5.84 5.85 5.89 5.88 5.92 5.88 5.89 5.89 5.81 5.79 5.77 5.78 5.74 5.72 5.73 5.65 5.58 5.58 5.54 5.46
6.11 6.13 6.17 6.16 6.19 6.27 6.29 6.34 6.39 6.43 6.42 6.33 6.28 6.25 6.23 6.21 6.16 6.11 6.11 6.13 6.09 6.07 6.01 5.95 5.87 5.86 5.71 5.70 5.67 5.71 5.75 5.77 5.73 5.74 5.72 5.79 5.83 5.86 5.81 5.80 5.79 5.81 5.77 5.82 5.78 5.76 5.77 5.76 5.78 5.74 5.84 5.81 5.82 5.86 5.79 5.79 5.78 5.87 5.91 5.92 5.88 5.85 5.87 5.88 5.86 5.88 5.82 5.87 5.84 5.86 5.81 5.84 5.86 5.78 5.79 5.73 5.65 5.65 5.69 5.75 5.70 5.66 5.49 5.50
6.23 6.24 6.24 6.25 6.27 6.30 6.26 6.28 6.28 6.27 6.23 6.36 6.30 6.27 6.21 6.16 6.12 6.12 6.05 6.05 6.07 5.98 5.89 5.91 5.88 5.85 5.75 5.72 5.73 5.62 5.59 5.65 5.65 5.77 5.77 5.72 5.67 5.75 5.82 5.85 5.89 5.79 5.75 5.81 5.75 5.68 5.71 5.65 5.70 5.78 5.79 5.77 5.77 5.67 5.80 5.79 5.81 5.80 5.85 5.80 5.80 5.89 5.82 5.79 5.79 5.80 5.82 5.76 5.76 5.78 5.73 5.73 5.73 5.66 5.67 5.73 5.73 5.75 5.76 5.73 5.71 5.64 5.58 5.62
6.38 6.34 6.31 6.32 6.34 6.30 6.24 6.21 6.35 6.37 6.31 6.31 6.29 6.21 6.23 6.10 6.11 6.01 5.99 5.97 5.94 5.89 5.91 5.86 5.81 5.80 5.76 5.56 5.57 5.56 5.59 5.67 5.55 5.67 5.67 5.69 5.75 5.84 5.80 5.79 5.84 5.79 5.77 5.72 5.74 5.67 5.68 5.69 5.65 5.61 5.64 5.77 5.81 5.74 5.75 5.75 5.74 5.75 5.81 5.74 5.75 5.79 5.75 5.77 5.68 5.65 5.71 5.67 5.71 5.70 5.56 5.59 5.68 5.74 5.74 5.72 5.76 5.78 5.78 5.76 5.75 5.70 5.66 5.71
6.46 6.42 6.36 6.32 6.29 6.44 6.33 6.32 6.29 6.29 6.36 6.25 6.20 6.18 6.10 6.02 6.00 5.98 6.00 5.98 5.99 5.96 5.97 5.84 5.71 5.71 5.68 5.68 5.60 5.55 5.53 5.58 5.58 5.66 5.72 5.71 5.68 5.80 5.80 5.81 5.81 5.77 5.77 5.73 5.73 5.62 5.53 5.52 5.64 5.69 5.64 5.72 5.66 5.63 5.66 5.71 5.68 5.73 5.72 5.72 5.73 5.68 5.64 5.68 5.62 5.65 5.64 5.59 5.57 5.62 5.65 5.69 5.73 5.71 5.74 5.74 5.81 5.82 5.81 5.83 5.88 5.82 5.77 5.72
6.47 6.43 6.47 6.51 6.40 6.42 6.45 6.37 6.31 6.27 6.16 6.16 6.07 6.04 6.06 5.98 6.03 6.01 5.97 5.98 5.98 5.85 5.81 5.78 5.78 5.74 5.63 5.60 5.54 5.54 5.56 5.54 5.58 5.56 5.61 5.68 5.72 5.77 5.74 5.76 5.78 5.79 5.74 5.63 5.59 5.60 5.60 5.60 5.55 5.61 5.59 5.60 5.68 5.62 5.63 5.63 5.61 5.60 5.63 5.62 5.67 5.62 5.56 5.61 5.47 5.51 5.59 5.59 5.58 5.59 5.60 5.69 5.70 5.74 5.79 5.76 5.82 5.89 5.86 5.84 5.83 5.81 5.80 5.71
6.61 6.61 6.57 6.58 6.52 6.53 6.50 6.38 6.23 6.14 6.08 6.04 6.01 6.03 6.00 6.00 5.99 5.93 5.92 5.90 5.90 5.85 5.86 5.80 5.71 5.71 5.64 5.60 5.58 5.52 5.48 5.53 5.50 5.57 5.61 5.62 5.71 5.74 5.80 5.79 5.71 5.71 5.74 5.70 5.72 5.56 5.56 5.51 5.50 5.54 5.64 5.56 5.61 5.56 5.57 5.53 5.53 5.54 5.54 5.57 5.53 5.49 5.48 5.51 5.56 5.52 5.57 5.56 5.63 5.66 5.67 5.72 5.69 5.79 5.82 5.78 5.84 5.86 5.89 5.90 5.86 5.84 5.75 5.69
6.67 6.60 6.57 6.50 6.45 6.36 6.32 6.29 6.18 6.15 6.10 6.02 6.00 5.95 5.94 5.92 5.83 5.82 5.91 5.93 5.87 5.90 5.87 5.88 5.86 5.71 5.68 5.58 5.59 5.53 5.51 5.50 5.49 5.51 5.58 5.62 5.70 5.62 5.66 5.80 5.83 5.80 5.75 5.69 5.60 5.58 5.57 5.59 5.51 5.49 5.55 5.50 5.50 5.48 5.48 5.47 5.47 5.48 5.48 5.45 5.46 5.53 5.52 5.54 5.57 5.59 5.59 5.59 5.64 5.64 5.70 5.74 5.72 5.80 5.79 5.85 5.84 5.80 5.82 5.77 5.79 5.71 5.71 5.73
6.69 6.59 6.48 6.49 6.41 6.43 6.33 6.31 6.18 6.11 6.03 5.99 5.95 5.81 5.76 5.83 5.91 5.88 5.88 5.87 5.89 5.97 5.90 5.85 5.74 5.73 5.65 5.58 5.50 5.49 5.50 5.49 5.48 5.53 5.45 5.49 5.62 5.70 5.71 5.78 5.69 5.72 5.71 5.66 5.68 5.63 5.60 5.52 5.49 5.50 5.43 5.49 5.44 5.41 5.41 5.41 5.38 5.35 5.41 5.42 5.48 5.49 5.52 5.60 5.62 5.61 5.63 5.69 5.70 5.69 5.73 5.64 5.79 5.77 5.80 5.77 5.77 5.71 5.76 5.82 5.84 5.84 5.82 5.76
6.53 6.57 6.49 6.45 6.42 6.41 6.31 6.22 6.16 6.10 5.90 5.88 5.90 5.91 5.85 5.86 5.87 5.87 5.93 5.95 5.93 5.85 5.87 5.79 5.73 5.66 5.58 5.53 5.51 5.51 5.50 5.38 5.42 5.48 5.58 5.63 5.61 5.66 5.67 5.67 5.71 5.75 5.72 5.69 5.64 5.61 5.55 5.52 5.43 5.43 5.44 5.46 5.43 5.34 5.26 5.35 5.36 5.37 5.42 5.41 5.46 5.49 5.63 5.64 5.66 5.71 5.61 5.64 5.71 5.69 5.71 5.70 5.75 5.68 5.74 5.73 5.75 5.79 5.80 5.86 5.84 5.79 5.80 5.74
6.59 6.62 6.51 6.42 6.33 6.29 6.22 6.10 5.99 5.98 5.95 5.92 5.89 5.94 5.95 5.94 5.93 5.95 5.96 5.94 5.91 5.82 5.78 5.72 5.72 5.62 5.55 5.54 5.46 5.39 5.46 5.47 5.51 5.54 5.57 5.53 5.57 5.65 5.66 5.65 5.64 5.67 5.63 5.65 5.59 5.56 5.56 5.50 5.48 5.45 5.33 5.32 5.41 5.40 5.37 5.41 5.39 5.36 5.41 5.45 5.45 5.54 5.59 5.61 5.63 5.66 5.63 5.67 5.66 5.63 5.69 5.64 5.68 5.76 5.78 5.76 5.83 5.83 5.80 5.83 5.84 5.80 5.79 5.75
6.58 6.41 6.37 6.31 6.16 6.16 6.12 6.06 5.99 5.99 5.98 5.98 6.01 5.98 5.98 5.92 5.92 5.93 5.93 5.92 5.90 5.84 5.86 5.78 5.70 5.55 5.55 5.50 5.47 5.49 5.44 5.55 5.51 5.54 5.53 5.54 5.58 5.58 5.56 5.56 5.59 5.61 5.62 5.62 5.58 5.57 5.51 5.42 5.37 5.45 5.41 5.36 5.42 5.37 5.40 5.39 5.42 5.44 5.42 5.43 5.49 5.56 5.57 5.56 5.64 5.64 5.61 5.61 5.58 5.55 5.68 5.74 5.65 5.74 5.78 5.73 5.82 5.87 5.88 5.83 5.82 5.82 5.77 5.73
6.53 6.41 6.23 6.21 6.14 6.12 6.14 6.14 6.09 6.07 6.03 6.01 5.97 5.94 5.92 5.88 5.93 5.89 5.92 5.91 5.91 5.85 5.73 5.69 5.63 5.62 5.59 5.52 5.47 5.45 5.47 5.49 5.47 5.55 5.48 5.53 5.50 5.50 5.54 5.46 5.54 5.58 5.60 5.60 5.49 5.44 5.49 5.49 5.49 5.48 5.44 5.41 5.39 5.41 5.40 5.37 5.44 5.44 5.44 5.48 5.49 5.51 5.56 5.57 5.54 5.53 5.49 5.54 5.57 5.64 5.67 5.74 5.76 5.69 5.81 5.82 5.72 5.79 5.80 5.82 5.79 5.71 5.78 5.83
6.41 6.37 6.33 6.18 6.20 6.20 6.15 6.15 6.11 6.05 6.00 5.96 5.95 5.95 5.93 5.97 5.92 5.89 5.94 5.81 5.79 5.78 5.86 5.75 5.66 5.56 5.56 5.51 5.50 5.48 5.50 5.45 5.46 5.44 5.44 5.45 5.44 5.46 5.45 5.48 5.52 5.51 5.51 5.53 5.55 5.57 5.53 5.48 5.49 5.48 5.42 5.44 5.52 5.46 5.40 5.42 5.40 5.38 5.43 5.45 5.41 5.50 5.51 5.50 5.45 5.52 5.61 5.59 5.63 5.66 5.74 5.76 5.75 5.72 5.76 5.77 5.80 5.76 5.76 5.78 5.78 5.81 5.76 5.59
6.44 6.37 6.34 6.27 6.20 6.22 6.15 6.10 6.09 6.06 5.99 5.97 5.99 5.92 5.95 5.92 5.86 5.87 5.80 5.92 5.85 5.87 5.83 5.74 5.68 5.66 5.57 5.48 5.47 5.50 5.41 5.45 5.41 5.35 5.43 5.47 5.39 5.42 5.39 5.37 5.54 5.52 5.58 5.62 5.58 5.56 5.52 5.50 5.52 5.55 5.51 5.50 5.49 5.40 5.44 5.39 5.37 5.38 5.45 5.40 5.36 5.36 5.48 5.55 5.57 5.54 5.52 5.64 5.64 5.70 5.71 5.75 5.77 5.70 5.67 5.67 5.65 5.72 5.79 5.80 5.63 5.63 5.67 5.69
6.41 6.37 6.31 6.29 6.19 6.14 6.11 6.09 6.01 6.04 6.00 5.99 5.95 5.96 5.88 5.81 5.92 5.87 5.90 5.84 5.77 5.75 5.84 5.73 5.66 5.62 5.61 5.55 5.44 5.41 5.38 5.46 5.35 5.32 5.39 5.35 5.29 5.40 5.40 5.37 5.49 5.53 5.55 5.54 5.54 5.63 5.62 5.55 5.58 5.51 5.54 5.48 5.53 5.45 5.43 5.42 5.35 5.32 5.33 5.43 5.39 5.54 5.53 5.52 5.58 5.58 5.57 5.65 5.59 5.65 5.74 5.75 5.68 5.62 5.66 5.65 5.65 5.49 5.51 5.65 5.66 5.72 5.76 5.69
6.41 6.33 6.27 6.20 6.21 6.15 6.11 6.09 6.02 6.01 5.97 5.88 5.82 5.87 5.83 5.84 5.84 5.83 5.85 5.86 5.87 5.84 5.80 5.73 5.74 5.62 5.59 5.52 5.55 5.51 5.41 5.44 5.26 5.33 5.33 5.39 5.34 5.37 5.39 5.40 5.44 5.55 5.55 5.63 5.64 5.65 5.69 5.66 5.58 5.59 5.52 5.48 5.51 5.41 5.35 5.34 5.44 5.41 5.49 5.48 5.47 5.50 5.49 5.52 5.56 5.58 5.54 5.60 5.66 5.65 5.65 5.70 5.62 5.58 5.39 5.40 5.56 5.62 5.69 5.66 5.71 5.75 5.77 5.73
6.31 6.29 6.16 6.22 6.16 6.12 6.09 6.06 5.92 5.90 5.97 5.93 5.86 5.81 5.84 5.83 5.83 5.79 5.87 5.87 5.83 5.81 5.81 5.79 5.66 5.68 5.61 5.56 5.51 5.39 5.39 5.37 5.39 5.35 5.33 5.38 5.35 5.41 5.36 5.44 5.48 5.54 5.54 5.54 5.64 5.66 5.69 5.69 5.64 5.59 5.53 5.43 5.41 5.46 5.45 5.45 5.47 5.50 5.48 5.48 5.56 5.50 5.55 5.52 5.59 5.51 5.55 5.54 5.62 5.61 5.56 5.48 5.50 5.54 5.59 5.59 5.59 5.62 5.61 5.69 5.70 5.77 5.74 5.79
6.29 6.24 6.18 6.12 6.09 6.05 6.00 5.98 5.95 5.94 5.87 5.92 5.97 5.88 5.89 5.87 5.85 5.84 5.82 5.84 5.76 5.87 5.77 5.74 5.72 5.66 5.59 5.60 5.47 5.43 5.42 5.37 5.41 5.35 5.40 5.39 5.45 5.43 5.43 5.44 5.42 5.52 5.61 5.60 5.66 5.71 5.73 5.61 5.57 5.58 5.62 5.58 5.51 5.51 5.45 5.49 5.47 5.52 5.55 5.54 5.52 5.56 5.46 5.49 5.51 5.53 5.54 5.51 5.47 5.49 5.50 5.55 5.58 5.59 5.56 5.58 5.61 5.63 5.73 5.70 5.74 5.79 5.84 5.78
6.26 6.20 6.11 5.98 5.95 5.98 5.96 5.89 5.92 5.90 5.90 5.92 5.95 5.92 5.86 5.87 5.83 5.80 5.77 5.86 5.79 5.78 5.74 5.73 5.67 5.65 5.62 5.57 5.54 5.48 5.46 5.47 5.42 5.40 5.50 5.44 5.42 5.38 5.42 5.51 5.51 5.54 5.67 5.73 5.67 5.60 5.62 5.69 5.65 5.69 5.61 5.57 5.53 5.53 5.56 5.47 5.53 5.50 5.58 5.52 5.50 5.49 5.46 5.47 5.45 5.43 5.34 5.43 5.51 5.51 5.57 5.64 5.60 5.63 5.60 5.54 5.60 5.67 5.71 5.78 5.74 5.76 5.69 5.64
