projekt-domowy/output/nmt.asc
ncols         410
nrows         464
xllcenter     502045.00
yllcenter     688680.00
cellsize     5.00
nodata_value -9999
[rows 342 to 379 of 464, columns 84 to 167 of 410]
4.96 5.02 4.96 4.94 4.98 4.95 4.99 4.89 4.89 4.91 4.88 4.89 4.93 5.02 4.98 5.01 5.02 5.05 5.05 5.06 5.10 5.09 5.09 5.08 5.09 5.12 5.14 5.15 5.17 5.17 5.18 5.21 5.28 5.26 5.31 5.32 5.33 5.39 5.41 5.44 5.41 5.42 5.42 5.35 5.42 5.45 5.48 5.47 5.51 5.54 5.52 5.57 5.55 5.56 5.57 5.57 5.60 5.70 5.56 5.60 5.69 5.60 5.56 5.53 5.51 5.51 5.44 5.42 5.42 5.40 5.45 5.48 5.53 5.39 5.41 5.44 5.39 5.49 5.41 4.36 5.35 5.32 5.34 5.37
4.98 4.99 4.97 4.98 4.95 5.04 4.99 5.04 4.91 4.98 4.96 5.00 4.99 4.99 5.05 5.01 5.10 5.12 5.09 5.12 5.09 5.18 5.16 5.12 5.17 5.15 5.23 5.22 5.21 5.20 5.18 5.27 5.25 5.27 5.31 5.28 5.32 5.37 5.41 5.41 5.41 5.43 5.42 5.43 5.41 5.44 5.48 5.47 5.49 5.56 5.54 5.54 5.56 5.61 5.57 5.59 5.59 5.61 5.60 5.58 5.56 5.55 5.54 5.50 5.51 5.50 5.52 5.47 5.40 5.46 5.47 5.40 5.39 5.41 5.34 5.37 5.45 5.45 5.39 4.55 5.29 5.33 5.36 5.31
4.94 4.99 4.95 4.98 4.99 4.96 4.96 4.94 4.95 4.93 4.99 4.97 5.00 5.01 5.00 5.09 5.09 5.12 5.10 5.11 5.17 5.14 5.14 5.13 5.10 5.18 5.21 5.21 5.22 5.22 5.21 5.19 5.26 5.27 5.28 5.30 5.34 5.34 5.37 5.42 5.40 5.42 5.41 5.40 5.43 5.40 5.49 5.46 5.48 5.51 5.49 5.56 5.56 5.55 5.58 5.54 5.55 5.55 5.51 5.50 5.52 5.46 5.45 5.45 5.48 5.44 5.42 5.42 5.41 5.42 5.41 5.44 5.45 5.36 5.33 5.40 5.49 5.42 5.45 5.04 5.26 5.30 5.36 5.33
4.95 4.92 4.92 4.93 4.94 4.89 4.93 4.93 4.91 4.85 4.93 4.95 4.95 4.99 5.03 5.00 5.07 5.05 5.08 5.10 5.06 5.13 5.08 5.05 5.07 5.09 5.19 5.17 5.20 5.12 5.17 5.24 5.22 5.24 5.26 5.32 5.28 5.33 5.38 5.35 5.38 5.35 5.41 5.36 5.38 5.44 5.46 5.44 5.49 5.51 5.57 5.52 5.57 5.51 5.50 5.50 5.53 5.55 5.55 5.54 5.47 5.50 5.44 5.45 5.44 5.43 5.42 5.40 5.36 5.37 5.35 5.44 5.50 5.29 5.24 5.30 5.34 5.38 5.47 5.30 5.24 5.31 5.37 5.29
4.93 4.90 4.90 4.93 4.90 4.95 4.93 4.92 4.91 4.90 4.94 4.97 4.99 4.99 5.05 5.01 5.05 5.11 5.08 5.08 5.11 5.09 5.09 5.07 5.10 5.10 5.13 5.15 5.14 5.20 5.17 5.18 5.21 5.22 5.27 5.26 5.33 5.30 5.34 5.40 5.41 5.39 5.39 5.33 5.41 5.48 5.50 5.55 5.52 5.56 5.55 5.58 5.57 5.56 5.56 5.48 5.53 5.54 5.58 5.54 5.52 5.48 5.51 5.42 5.45 5.44 5.43 5.46 5.39 5.43 5.38 5.41 5.49 5.36 5.26 5.26 5.25 5.39 5.48 5.29 4.27 5.28 5.38 5.32
4.92 4.96 4.97 4.99 4.93 4.96 4.95 4.94 4.99 4.97 4.99 5.00 4.99 5.06 5.07 5.05 5.09 5.14 5.12 5.08 5.12 5.13 5.10 5.16 5.13 5.15 5.17 5.13 5.23 5.25 5.25 5.24 5.24 5.33 5.29 5.35 5.32 5.34 5.39 5.38 5.38 5.40 5.43 5.48 5.49 5.53 5.52 5.57 5.57 5.58 5.59 5.61 5.65 5.62 5.60 5.55 5.58 5.54 5.55 5.57 5.54 5.49 5.44 5.52 5.48 5.49 5.44 5.50 5.46 5.41 5.46 5.47 5.49 5.42 5.29 5.29 5.25 5.37 5.36 5.30 4.27 5.20 5.30 5.28
5.00 4.94 5.01 4.99 5.03 5.00 5.00 5.00 4.95 5.03 5.06 5.06 5.11 5.12 5.14 5.10 5.17 5.12 5.15 5.22 5.16 5.14 5.15 5.16 5.21 5.22 5.21 5.21 5.26 5.28 5.28 5.27 5.36 5.32 5.30 5.33 5.34 5.42 5.40 5.41 5.46 5.48 5.47 5.46 5.49 5.52 5.63 5.62 5.62 5.66 5.66 5.68 5.66 5.62 5.62 5.59 5.59 5.58 5.54 5.57 5.53 5.51 5.52 5.47 5.53 5.47 5.51 5.48 5.43 5.39 5.43 5.43 5.39 5.29 5.26 5.19 5.17 5.29 5.34 5.37 5.22 5.03 5.29 5.36
4.92 4.99 5.00 5.03 5.00 5.06 5.05 5.04 5.06 5.03 5.10 5.15 5.13 5.16 5.14 5.17 5.17 5.17 5.23 5.19 5.21 5.19 5.21 5.18 5.18 5.21 5.23 5.17 5.24 5.31 5.31 5.30 5.28 5.34 5.28 5.41 5.35 5.37 5.41 5.44 5.49 5.48 5.50 5.49 5.56 5.56 5.60 5.65 5.60 5.65 5.64 5.68 5.63 5.63 5.65 5.59 5.65 5.59 5.60 5.62 5.59 5.58 5.52 5.50 5.51 5.53 5.49 5.51 5.43 5.42 5.36 5.44 5.39 5.33 5.32 5.21 5.20 5.21 5.32 5.43 5.26 4.26 5.34 5.24
5.00 5.00 5.06 5.06 5.07 5.06 5.05 5.09 5.07 5.13 5.13 5.17 5.16 5.18 5.22 5.25 5.23 5.23 5.18 5.23 5.19 5.24 5.20 5.19 5.25 5.25 5.27 5.26 5.32 5.35 5.32 5.36 5.40 5.33 5.40 5.40 5.43 5.43 5.45 5.47 5.48 5.55 5.51 5.55 5.53 5.59 5.65 5.69 5.73 5.73 5.72 5.73 5.73 5.74 5.70 5.71 5.73 5.74 5.71 5.71 5.66 5.63 5.58 5.59 5.57 5.56 5.57 5.56 5.56 5.42 5.49 5.36 5.46 5.32 5.27 5.27 5.20 5.08 5.20 5.29 5.27 4.40 5.09 5.29
5.06 5.06 5.05 5.10 5.07 5.10 5.12 5.08 5.17 5.16 5.20 5.22 5.21 5.27 5.25 5.31 5.28 5.30 5.25 5.26 5.26 5.29 5.23 5.29 5.30 5.33 5.38 5.37 5.42 5.39 5.45 5.42 5.45 5.47 5.43 5.47 5.50 5.55 5.53 5.51 5.54 5.57 5.62 5.63 5.65 5.71 5.77 5.79 5.82 5.85 5.80 5.81 5.79 5.79 5.73 5.76 5.82 5.78 5.81 5.77 5.73 5.64 5.67 5.64 5.62 5.62 5.58 5.57 5.54 5.35 5.38 5.46 5.35 5.31 5.34 5.29 5.21 5.17 5.14 5.12 5.23 5.16 4.50 5.09
5.12 5.15 5.13 5.10 5.18 5.15 5.17 5.16 5.13 5.21 5.23 5.29 5.25 5.29 5.27 5.30 5.32 5.29 5.33 5.29 5.29 5.29 5.27 5.28 5.33 5.35 5.36 5.38 5.41 5.45 5.44 5.46 5.52 5.48 5.50 5.46 5.51 5.48 5.54 5.53 5.59 5.60 5.59 5.65 5.67 5.74 5.73 5.75 5.81 5.77 5.82 5.79 5.79 5.78 5.78 5.77 5.79 5.78 5.80 5.73 5.68 5.73 5.65 5.65 5.46 5.56 5.54 5.55 5.41 5.42 5.44 5.42 5.33 5.28 5.19 5.23 5.01 5.09 5.02 5.11 5.20 5.10 3.99 5.15
5.16 5.14 5.17 5.19 5.15 5.21 5.18 5.21 5.18 5.20 5.22 5.26 5.28 5.25 5.27 5.29 5.29 5.33 5.30 5.27 5.28 5.27 5.33 5.29 5.29 5.38 5.36 5.36 5.44 5.42 5.44 5.42 5.43 5.47 5.47 5.45 5.47 5.51 5.51 5.50 5.54 5.56 5.62 5.61 5.70 5.70 5.74 5.75 5.74 5.75 5.76 5.78 5.72 5.77 5.72 5.77 5.76 5.76 5.76 5.71 5.48 5.61 5.63 5.60 5.62 5.57 5.50 5.43 5.40 5.35 5.31 5.36 5.29 5.23 5.22 5.17 5.10 4.93 4.90 5.04 5.10 5.12 4.48 5.13
5.11 5.12 5.14 5.14 5.16 5.13 5.17 5.12 5.19 5.19 5.17 5.21 5.23 5.18 5.21 5.25 5.32 5.30 5.33 5.31 5.24 5.29 5.28 5.29 5.34 5.34 5.39 5.36 5.41 5.45 5.42 5.47 5.44 5.42 5.44 5.45 5.46 5.49 5.54 5.53 5.55 5.55 5.61 5.64 5.66 5.69 5.74 5.77 5.77 5.74 5.75 5.77 5.73 5.73 5.74 5.72 5.60 5.71 5.74 5.68 5.67 5.59 5.61 5.65 5.59 5.52 5.48 5.45 5.33 5.31 5.21 5.19 5.22 5.14 5.23 5.08 5.08 5.05 4.93 4.93 5.02 4.95 4.96 4.85
5.13 5.13 5.17 5.13 5.18 5.19 5.18 5.14 5.15 5.20 5.16 5.20 5.16 5.20 5.18 5.23 5.25 5.27 5.24 5.21 5.28 5.27 5.25 5.25 5.27 5.34 5.37 5.31 5.39 5.38 5.40 5.33 5.41 5.33 5.37 5.39 5.39 5.44 5.46 5.51 5.52 5.55 5.54 5.60 5.61 5.63 5.69 5.70 5.76 5.72 5.69 5.67 5.55 5.71 5.69 5.74 5.71 5.71 5.67 5.70 5.59 5.63 5.58 5.56 5.49 5.42 5.43 5.36 5.32 5.26 5.16 5.11 5.08 5.06 5.06 5.11 4.96 4.94 4.86 4.83 4.94 5.06 5.05 4.44
5.15 5.18 5.11 5.17 5.16 5.20 5.18 5.17 5.15 5.18 5.24 5.20 5.16 5.20 5.20 5.27 5.26 5.27 5.29 5.25 5.28 5.31 5.28 5.24 5.27 5.31 5.34 5.31 5.38 5.38 5.37 5.39 5.35 5.36 5.32 5.38 5.38 5.42 5.43 5.46 5.53 5.57 5.57 5.58 5.66 5.63 5.70 5.72 5.57 5.70 5.64 5.69 5.69 5.63 5.65 5.68 5.65 5.67 5.69 5.68 5.65 5.58 5.60 5.51 5.44 5.37 5.30 5.25 5.22 5.23 5.15 5.11 5.04 5.05 4.97 4.99 4.94 4.92 4.87 4.86 5.01 5.08 5.10 4.41
5.12 5.16 5.16 5.17 5.22 5.20 5.19 5.16 5.17 5.17 5.21 5.21 5.24 5.23 5.21 5.27 5.26 5.29 5.32 5.27 5.28 5.29 5.33 5.29 5.33 5.37 5.34 5.38 5.35 5.36 5.39 5.35 5.33 5.34 5.37 5.37 5.38 5.37 5.43 5.48 5.54 5.57 5.57 5.65 5.53 5.61 5.67 5.68 5.73 5.72 5.72 5.70 5.74 5.70 5.68 5.69 5.69 5.67 5.63 5.64 5.62 5.64 5.55 5.50 5.44 5.38 5.32 5.23 5.22 5.18 5.16 5.08 5.04 5.04 5.01 4.95 4.95 4.89 4.84 4.80 4.95 5.13 5.07 4.34
5.19 5.18 5.27 5.22 5.20 5.26 5.23 5.24 5.25 5.25 5.26 5.25 5.25 5.27 5.29 5.33 5.35 5.32 5.35 5.36 5.35 5.33 5.30 5.34 5.34 5.38 5.37 5.40 5.42 5.39 5.40 5.35 5.35 5.33 5.34 5.41 5.41 5.48 5.48 5.49 5.46 5.57 5.62 5.65 5.67 5.66 5.69 5.70 5.71 5.69 5.70 5.70 5.69 5.71 5.69 5.74 5.70 5.63 5.66 5.68 5.67 5.56 5.53 5.49 5.39 5.35 5.28 5.23 5.22 5.17 5.10 5.05 5.02 5.01 4.96 4.99 5.00 4.94 4.90 4.81 4.91 5.10 5.09 4.39
5.21 5.28 5.27 5.29 5.28 5.31 5.33 5.33 5.34 5.31 5.28 5.31 5.31 5.31 5.39 5.37 5.40 5.42 5.40 5.42 5.39 5.37 5.34 5.38 5.39 5.38 5.37 5.38 5.40 5.41 5.40 5.40 5.37 5.36 5.38 5.30 5.40 5.46 5.51 5.54 5.56 5.64 5.66 5.69 5.70 5.74 5.73 5.79 5.75 5.76 5.71 5.71 5.70 5.69 5.72 5.73 5.74 5.71 5.68 5.63 5.58 5.52 5.51 5.43 5.34 5.31 5.27 5.18 5.14 5.18 5.09 5.05 4.98 5.01 4.90 4.95 4.97 4.96 4.89 4.89 5.03 5.07 5.06 4.37
5.31 5.31 5.33 5.34 5.31 5.31 5.29 5.33 5.33 5.29 5.31 5.29 5.34 5.39 5.39 5.41 5.36 5.38 5.39 5.36 5.41 5.40 5.37 5.37 5.37 5.38 5.35 5.40 5.37 5.35 5.41 5.27 5.44 5.40 5.42 5.43 5.44 5.47 5.55 5.53 5.60 5.62 5.61 5.65 5.73 5.76 5.72 5.75 5.85 5.73 5.77 5.77 5.72 5.71 5.71 5.70 5.74 5.71 5.66 5.63 5.56 5.50 5.42 5.39 5.32 5.23 5.14 5.12 5.11 4.98 5.03 5.00 5.04 5.00 4.95 4.94 5.00 5.01 4.97 4.89 5.00 5.03 4.99 4.36
5.21 5.30 5.30 5.29 5.28 5.31 5.28 5.31 5.26 5.32 5.29 5.31 5.30 5.35 5.42 5.36 5.40 5.37 5.39 5.41 5.35 5.39 5.35 5.30 5.36 5.35 5.22 5.27 5.39 5.37 5.42 5.35 5.37 5.39 5.41 5.46 5.43 5.43 5.45 5.57 5.64 5.61 5.65 5.68 5.76 5.70 5.75 5.78 5.78 5.76 5.71 5.75 5.68 5.66 5.69 5.72 5.78 5.70 5.68 5.62 5.57 5.48 5.43 5.33 5.28 5.21 5.12 5.10 5.07 5.01 4.95 4.96 4.97 4.97 4.94 4.96 5.01 5.03 4.96 4.90 4.97 5.10 5.11 4.45
5.31 5.27 5.34 5.31 5.31 5.32 5.32 5.35 5.32 5.30 5.33 5.27 5.31 5.33 5.33 5.38 5.39 5.40 5.39 5.38 5.36 5.32 5.23 5.32 5.31 5.30 5.36 5.35 5.37 5.36 5.39 5.38 5.33 5.32 5.31 5.39 5.46 5.45 5.47 5.54 5.55 5.57 5.63 5.70 5.70 5.75 5.70 5.75 5.80 5.75 5.73 5.73 5.70 5.65 5.67 5.69 5.71 5.66 5.62 5.65 5.51 5.44 5.38 5.33 5.24 5.16 5.09 5.03 4.98 4.99 4.91 4.91 4.93 4.92 4.93 4.89 4.96 5.08 4.93 4.93 4.95 5.10 5.11 4.45
5.34 5.32 5.37 5.41 5.37 5.37 5.40 5.37 5.38 5.34 5.39 5.38 5.38 5.42 5.42 5.41 5.44 5.42 5.34 5.42 5.43 5.41 5.42 5.44 5.41 5.42 5.42 5.44 5.38 5.39 5.45 5.47 5.43 5.35 5.37 5.44 5.46 5.48 5.51 5.58 5.53 5.56 5.61 5.68 5.74 5.71 5.73 5.76 5.84 5.80 5.74 5.78 5.76 5.74 5.70 5.73 5.67 5.62 5.57 5.61 5.47 5.38 5.38 5.22 5.17 5.12 5.08 4.99 4.99 4.98 4.93 4.93 4.88 4.90 4.89 4.92 4.85 5.05 4.95 4.94 5.00 5.07 5.01 4.37
5.33 5.35 5.42 5.37 5.40 5.42 5.37 5.44 5.36 5.43 5.37 5.44 5.43 5.45 5.37 5.39 5.44 5.47 5.46 5.48 5.43 5.42 5.43 5.39 5.39 5.41 5.40 5.40 5.45 5.41 5.44 5.41 5.39 5.43 5.39 5.45 5.45 5.45 5.50 5.58 5.64 5.60 5.61 5.68 5.74 5.79 5.80 5.78 5.77 5.75 5.78 5.74 5.75 5.71 5.71 5.69 5.69 5.67 5.58 5.51 5.43 5.35 5.28 5.20 5.21 5.14 5.11 5.05 4.97 4.99 4.96 4.95 4.92 4.96 4.91 4.96 4.93 4.98 4.91 4.84 5.07 5.08 4.99 4.35
5.42 5.45 5.41 5.46 5.41 5.43 5.45 5.44 5.47 5.38 5.30 5.42 5.53 5.49 5.53 5.51 5.45 5.48 5.54 5.50 5.48 5.48 5.47 5.43 5.41 5.36 5.42 5.42 5.47 5.48 5.49 5.47 5.35 5.38 5.44 5.48 5.45 5.50 5.51 5.55 5.59 5.60 5.62 5.70 5.70 5.75 5.85 5.78 5.79 5.75 5.75 5.74 5.74 5.77 5.73 5.78 5.69 5.63 5.54 5.52 5.40 5.36 5.28 5.21 5.21 5.12 5.02 5.05 4.95 4.96 4.96 4.92 4.95 4.89 4.99 5.00 4.95 4.90 4.96 4.98 5.11 5.10 5.09 4.37
5.42 5.44 5.46 5.45 5.48 5.38 5.40 5.40 5.44 5.47 5.48 5.44 5.40 5.51 5.55 5.50 5.49 5.45 5.55 5.44 5.43 5.44 5.42 5.43 5.40 5.45 5.43 5.41 5.35 5.45 5.45 5.48 5.39 5.39 5.42 5.41 5.47 5.50 5.55 5.59 5.58 5.55 5.63 5.68 5.71 5.72 5.76 5.80 5.79 5.78 5.75 5.77 5.70 5.69 5.70 5.68 5.65 5.60 5.54 5.52 5.47 5.31 5.28 5.23 5.16 5.11 5.12 5.06 5.05 4.99 4.95 4.98 4.95 4.90 4.95 4.88 4.93 4.88 4.93 4.89 5.10 5.10 5.13 4.26
5.42 5.33 5.40 5.38 5.47 5.51 5.45 5.42 5.42 5.43 5.53 5.49 5.47 5.50 5.53 5.44 5.46 5.47 5.49 5.50 5.44 5.46 5.41 5.36 5.33 5.42 5.46 5.44 5.48 5.43 5.40 5.40 5.38 5.43 5.39 5.45 5.45 5.42 5.50 5.51 5.59 5.55 5.55 5.71 5.71 5.72 5.70 5.72 5.73 5.73 5.71 5.72 5.70 5.62 5.64 5.62 5.61 5.60 5.51 5.48 5.39 5.30 5.22 5.22 5.19 5.16 5.08 5.11 5.06 5.01 5.00 4.96 4.98 4.97 4.91 4.89 4.94 4.93 4.96 4.95 5.06 5.07 5.15 4.26
5.44 5.46 5.46 5.48 5.43 5.51 5.48 5.43 5.46 5.45 5.41 5.46 5.46 5.54 5.50 5.51 5.42 5.46 5.53 5.46 5.46 5.46 5.45 5.38 5.32 5.40 5.42 5.41 5.40 5.48 5.46 5.44 5.40 5.38 5.40 5.44 5.42 5.40 5.42 5.39 5.50 5.53 5.51 5.59 5.61 5.64 5.70 5.72 5.71 5.65 5.67 5.69 5.61 5.64 5.59 5.55 5.56 5.47 5.47 5.39 5.31 5.22 5.19 5.13 5.14 5.09 5.05 5.04 5.01 5.03 5.03 5.00 5.03 4.97 4.98 4.87 4.88 4.90 5.00 4.97 5.03 5.11 5.17 4.16
5.48 5.51 5.51 5.50 5.54 5.49 5.49 5.50 5.47 5.51 5.52 5.46 5.57 5.58 5.62 5.51 5.58 5.55 5.51 5.48 5.47 5.48 5.45 5.44 5.47 5.48 5.44 5.46 5.47 5.46 5.48 5.43 5.36 5.38 5.47 5.48 5.53 5.52 5.48 5.50 5.54 5.52 5.58 5.54 5.60 5.64 5.65 5.72 5.68 5.67 5.61 5.58 5.64 5.59 5.59 5.59 5.59 5.52 5.52 5.43 5.30 5.22 5.22 5.20 5.23 5.17 5.12 5.14 5.12 5.08 5.02 5.04 5.11 5.00 5.02 4.95 4.90 4.95 5.03 5.04 5.09 5.17 5.22 4.25
5.53 5.54 5.49 5.55 5.54 5.54 5.49 5.48 5.53 5.55 5.54 5.56 5.60 5.54 5.62 5.60 5.58 5.59 5.58 5.52 5.51 5.50 5.48 5.42 5.45 5.49 5.55 5.49 5.50 5.51 5.52 5.51 5.50 5.45 5.47 5.54 5.51 5.53 5.54 5.53 5.53 5.56 5.56 5.59 5.63 5.63 5.60 5.64 5.72 5.64 5.64 5.60 5.59 5.56 5.58 5.50 5.55 5.50 5.45 5.40 5.40 5.35 5.27 5.21 5.24 5.24 5.13 5.12 5.14 5.11 5.06 5.04 5.06 5.00 4.96 5.02 4.88 5.00 5.02 5.03 5.14 5.22 5.19 4.39
5.54 5.59 5.49 5.54 5.60 5.58 5.52 5.54 5.53 5.51 5.54 5.60 5.61 5.62 5.62 5.55 5.57 5.58 5.55 5.57 5.53 5.52 5.50 5.41 5.45 5.51 5.52 5.52 5.51 5.52 5.49 5.48 5.52 5.47 5.47 5.49 5.51 5.56 5.52 5.58 5.56 5.54 5.49 5.52 5.61 5.56 5.61 5.61 5.64 5.57 5.58 5.61 5.55 5.55 5.55 5.56 5.52 5.51 5.43 5.37 5.31 5.28 5.21 5.14 5.13 5.12 5.09 5.14 5.12 5.14 5.11 5.09 5.02 5.03 5.01 5.02 5.01 5.06 5.00 5.08 5.04 5.24 5.23 4.47
5.57 5.56 5.58 5.55 5.55 5.61 5.57 5.56 5.51 5.55 5.52 5.55 5.64 5.63 5.66 5.57 5.60 5.58 5.55 5.51 5.50 5.53 5.49 5.44 5.45 5.44 5.53 5.54 5.55 5.48 5.51 5.51 5.49 5.50 5.52 5.55 5.42 5.52 5.52 5.54 5.56 5.49 5.47 5.52 5.58 5.59 5.60 5.63 5.59 5.58 5.55 5.55 5.58 5.53 5.49 5.49 5.53 5.42 5.41 5.38 5.38 5.31 5.28 5.16 5.22 5.14 5.14 5.16 5.08 5.08 5.11 5.10 5.06 5.03 4.98 5.05 4.97 5.08 5.05 5.06 5.01 5.23 5.25 4.76
5.59 5.58 5.54 5.59 5.58 5.59 5.58 5.58 5.57 5.57 5.62 5.58 5.58 5.56 5.65 5.63 5.56 5.61 5.61 5.55 5.49 5.51 5.53 5.50 5.46 5.51 5.52 5.52 5.54 5.57 5.56 5.53 5.50 5.51 5.54 5.56 5.59 5.54 5.54 5.53 5.53 5.57 5.53 5.62 5.57 5.58 5.63 5.64 5.66 5.62 5.58 5.49 5.55 5.53 5.45 5.44 5.44 5.40 5.32 5.37 5.32 5.26 5.25 5.19 5.16 5.14 5.17 5.07 5.05 5.07 5.10 5.01 5.00 4.98 5.05 5.07 5.04 5.07 5.11 5.05 5.13 5.15 5.25 5.23
5.61 5.60 5.55 5.58 5.63 5.64 5.62 5.53 5.55 5.61 5.60 5.62 5.63 5.69 5.63 5.64 5.57 5.57 5.62 5.56 5.56 5.57 5.54 5.53 5.54 5.57 5.60 5.57 5.53 5.53 5.57 5.51 5.47 5.50 5.53 5.55 5.56 5.58 5.57 5.62 5.58 5.56 5.57 5.61 5.62 5.59 5.62 5.62 5.62 5.64 5.57 5.59 5.55 5.51 5.48 5.49 5.44 5.41 5.34 5.32 5.22 5.19 5.22 5.23 5.22 5.19 5.13 5.09 5.05 5.10 5.12 5.12 5.04 5.02 5.05 5.06 5.10 5.06 5.10 5.09 5.13 5.36 5.29 5.37
5.61 5.63 5.65 5.63 5.62 5.63 5.62 5.62 5.61 5.63 5.61 5.61 5.71 5.70 5.68 5.63 5.67 5.64 5.67 5.69 5.65 5.64 5.59 5.57 5.55 5.61 5.62 5.63 5.62 5.57 5.57 5.63 5.58 5.55 5.54 5.58 5.56 5.58 5.64 5.63 5.71 5.64 5.61 5.66 5.68 5.68 5.65 5.66 5.63 5.58 5.56 5.57 5.52 5.45 5.46 5.43 5.38 5.41 5.39 5.28 5.30 5.28 5.23 5.20 5.22 5.25 5.17 5.12 5.09 5.10 5.05 5.07 5.06 5.08 5.09 5.05 5.08 5.02 5.06 5.00 5.14 5.25 5.33 4.96
5.64 5.60 5.59 5.62 5.64 5.64 5.60 5.61 5.62 5.69 5.67 5.64 5.65 5.68 5.72 5.72 5.66 5.65 5.67 5.64 5.65 5.61 5.64 5.57 5.60 5.60 5.58 5.69 5.65 5.64 5.59 5.53 5.55 5.55 5.48 5.58 5.60 5.56 5.59 5.63 5.65 5.71 5.70 5.66 5.62 5.68 5.69 5.64 5.65 5.57 5.55 5.49 5.49 5.45 5.43 5.39 5.34 5.36 5.31 5.24 5.24 5.25 5.19 5.18 5.19 5.11 5.08 5.06 5.06 5.04 5.05 4.96 5.03 4.93 4.92 5.02 5.05 5.03 4.95 5.05 5.17 5.16 4.65 4.99
5.64 5.70 5.65 5.61 5.63 5.69 5.66 5.62 5.63 5.66 5.67 5.67 5.71 5.69 5.71 5.68 5.69 5.66 5.73 5.65 5.65 5.63 5.63 5.65 5.60 5.63 5.66 5.58 5.63 5.61 5.63 5.57 5.56 5.55 5.48 5.60 5.57 5.61 5.59 5.58 5.64 5.65 5.67 5.64 5.63 5.61 5.58 5.59 5.56 5.56 5.50 5.47 5.41 5.40 5.33 5.30 5.31 5.28 5.28 5.23 5.21 5.18 5.12 5.09 5.15 5.09 5.12 5.08 4.98 5.02 4.95 4.95 4.93 4.99 4.96 4.99 5.01 4.99 4.98 5.05 5.05 4.78 4.82 5.05
5.58 5.61 5.60 5.62 5.58 5.57 5.60 5.61 5.57 5.64 5.70 5.66 5.72 5.67 5.75 5.69 5.68 5.70 5.70 5.70 5.65 5.60 5.58 5.57 5.56 5.63 5.62 5.62 5.57 5.55 5.60 5.58 5.51 5.54 5.52 5.58 5.63 5.59 5.65 5.63 5.69 5.65 5.69 5.74 5.69 5.69 5.62 5.65 5.59 5.56 5.46 5.46 5.44 5.43 5.40 5.34 5.31 5.32 5.25 5.24 5.21 5.23 5.24 5.12 5.07 5.09 5.05 5.03 5.09 5.09 5.05 5.03 5.00 5.02 5.05 4.99 5.00 5.01 5.09 4.95 4.85 4.63 5.05 4.98
5.62 5.63 5.58 5.64 5.64 5.61 5.62 5.58 5.56 5.59 5.72 5.71 5.69 5.77 5.77 5.74 5.70 5.73 5.77 5.68 5.70 5.67 5.65 5.59 5.63 5.62 5.66 5.66 5.60 5.61 5.56 5.59 5.54 5.57 5.58 5.60 5.62 5.63 5.67 5.70 5.74 5.74 5.73 5.70 5.68 5.68 5.66 5.65 5.61 5.54 5.53 5.52 5.49 5.42 5.35 5.34 5.34 5.33 5.35 5.22 5.20 5.21 5.19 5.22 5.11 5.19 5.12 5.05 5.04 5.04 5.03 5.00 5.05 4.99 4.94 5.01 5.02 5.06 5.06 4.94 4.77 5.03 5.00 4.93
